Base Decision Tree for emotions with alpha=1 
[[1191   39   12   40  128   30   19   22   12   11   22    7    3   40
     6   70    1   65   87    4  236   33    9   14    3    2    3   17]
 [  73  712   14   49   39    8   18   11    5   11    8    7    3   13
     1    7    1   51    9    0  149    6    0    6    0    0    2    9]
 [  19   40  434  173   41   12   14   14    5   21   48   37    6    8
     8    1    1    6    6    0  206    2    0    7    0    2    6    9]
 [  56   73  202  376  108   38   49   42   15   64  112   42   17   12
    10   13    1    9   18    5  359    9    0   17    2    6   17   14]
 [ 213   59   59  125  565   71   41   30   25   47   73   18   11   22
    12   24    1   46   33    2  727   29    2   30    7    4   10   18]
 [  40   12   20   44   76  172    6    8   14   16   13    2    4    2
    11   15    3   14    9    4  149   19    0    2    1   10    5    1]
 [  17   19   26   50   63   15  298  132    5   15   48    6    4    7
     5    4    0    0   10    3  263    5    0    7    0    3    1    4]
 [  23   19   27   50   50   16  130  379   10   10   17    4    2   17
     1    6    0    3    3    1  311    5    0    5    0    3    2   19]
 [  19   10    8   21   46   10    6    8  102    6   13    1    2    8
     0    3    0    4    9    2   79   19    0    1    1    0    2    0]
 [  22   25   58   98   45   24   28   20    9  151   63   21   14    3
    10    7    4    1    8    9  221    5    1   10    0   13   34    3]
 [  42   42  101  143  130   27   49   24   10   73  348   19   16    5
     8    7    1   11    5    6  395    9    0   14    0    8   19   11]
 [  13   16   73   83   25    9   14    8    3   26   32  115    9    2
    10    4    1    2    4    0  102    0    0    4    0    3    9    1]
 [  10   13   17   50   26    2    5    7    2   12   19    9   55    0
     2    0    0    3    1    3   58    3    0    3    0    5    5    2]
 [  74   26    9   24   43    5   12   22   19    5    8    2    2  106
     2    7    0   49   16    0  128   10    2    1    1    0    2   20]
 [   9    8   16   21   13    9    4   10    3   12    6   17    2    1
   132    0    1    4    0    2   57    5    0    4    1    0    9    4]
 [ 114   14    2   20   33   22    3    3    6   10    9    0    2    9
     0 1036    1   24   12    1   45   12    2    5    0    9    7    3]
 [   2    0    4    6    3    0    3    2    0    5    0    1    0    0
     2    0    8    0    1    1   12    2    0    0    0    3    5    1]
 [ 104  108    7   19   55   14    4    9    7   10    7    2    3   41
     2   28    0  237   45    1  120   13    0    1    9    0    0    5]
 [ 122   17    2   18   52   10   10    7   10   10    8    4    2   14
     2    6    0   55  518    0   95    9    0    2    0    1    1    0]
 [   3    4    7   15   15    8    3    3    0    8    6    3    3    0
     9    0    0    0    2   15   31    1    0    1    0    1    5    1]
 [ 523  338  404  697 1093  250  351  371  166  271  573  133   53  145
    81   89   17  165  133   36 4758  100   14  123   16   29   72   74]
 [  70   15   13   41   94   52   18   16   66   16   30    8    4   12
     6   13    0   19    4    1  213  202    2    7    1    2    2    4]
 [  33    1    5    6   12    5    2    2    1    5    0    1    0    2
     1    3    1    8    0    0   34    2    8    3    0    0    0    0]
 [  45   28   32   65  105   15   30   19   11   35   49   12    6    8
     9    6    3   15    5    6  334    4    1   66    0    6    8   15]
 [  11    2    3    7   27   11    5    0    2   10    3    0    0    2
     0   10    1   16    1    0   37    4    0    0    8    0    0    0]
 [   3    4    7   17   10   11    3    4    0   16   14    1    8    0
     1   12    1    1    3    2   43    1    0    9    2   99   25    1]
 [  17   17   25   64   46   26   13    7    5   74   33   12   14    4
     9    1    7    8    6    8  170    3    1   13    2   53  136    3]
 [  65   28   30   35   38    5   26   37    5   25   18    8    7   27
     8    3    0    7    3    2  186    6    0   18    2    1    3  138]]
                precision    recall  f1-score   support

    admiration       0.41      0.56      0.47      2126
     amusement       0.42      0.59      0.49      1212
         anger       0.27      0.39      0.32      1126
     annoyance       0.16      0.22      0.19      1686
      approval       0.19      0.25      0.21      2304
        caring       0.20      0.26      0.22       672
     confusion       0.26      0.30      0.27      1010
     curiosity       0.31      0.34      0.33      1113
        desire       0.20      0.27      0.23       380
disappointment       0.15      0.17      0.16       907
   disapproval       0.22      0.23      0.22      1523
       disgust       0.23      0.20      0.22       568
 embarrassment       0.22      0.18      0.20       312
    excitement       0.21      0.18      0.19       595
          fear       0.38      0.38      0.38       350
     gratitude       0.75      0.74      0.75      1404
         grief       0.15      0.13      0.14        61
           joy       0.29      0.28      0.28       851
          love       0.54      0.53      0.54       975
   nervousness       0.13      0.10      0.12       144
       neutral       0.50      0.43      0.46     11075
      optimism       0.39      0.22      0.28       931
         pride       0.19      0.06      0.09       135
   realization       0.18      0.07      0.10       938
        relief       0.14      0.05      0.07       160
       remorse       0.38      0.33      0.35       298
       sadness       0.35      0.18      0.23       777
      surprise       0.37      0.19      0.25       731

      accuracy                           0.36     34364
     macro avg       0.29      0.28      0.28     34364
  weighted avg       0.37      0.36      0.36     34364
