Base Multi-Layered Perceptron for emotions with default parameters 
[[1082   36    8   32   97   19   15   25    8   12   24   11    3   29
     3   92    0   69  101    4  331   45   17   27    6    3    4   23]
 [  56  635   10   37   29    8   19   15    6    5   16    6   10   15
     4    6    1   62   14    1  200    8    1   21    2    3   11   11]
 [  12   29  351  145   19    9   13   11    5   18   51   43    5    6
     7    3    3    9   10    0  314    9    0   13    2    6   20   13]
 [  47   49  151  272   62   19   37   37   11   53  114   49   21   14
    12   12    2   14   17    8  541   24    2   39    5   11   44   19]
 [ 153   45   40   83  371   44   38   26   19   32   81   23   16   24
    10   22    3   34   44    9  960   75    5   68   10   12   31   26]
 [  30   10   10   21   44  129    4    6    8   16   16    3    4    1
     9   12    2   10   11    8  219   41    1   14    4   16   20    3]
 [  12   14   16   31   33   13  220  106    5   16   47   12    6    6
     8    5    2    3   11    2  382   12    2   15    2   10    6   13]
 [  21   15   20   21   31    9   87  311    5   10   19    7    3   14
     3    6    0    6    6    2  449   10    1   11    1    4    8   33]
 [  17    8    5   10   24    3    5    5   78    6   12    0    3    4
     2    3    1    5   13    2  122   38    0    8    2    1    3    0]
 [  16   16   43   51   23    9   25   22    4  113   71   28   13    2
    12    8    4    4    5   12  285   13    1   30    1   20   69    7]
 [  37   31   63   87   64   10   37   14    5   58  322   36   17    5
     8    6    2   10    8    8  580   19    1   35    1   10   37   12]
 [   9    9   44   61   10    4    8    7    0   19   34  136   10    2
    11    3    2    5    4    2  153    2    0    5    0    5   20    3]
 [   4    7    9   21    8    3    2    5    1   16   20   13   53    1
     5    2    1    4    2    5   86    4    1    5    2   11   11   10]
 [  60   19    8   10   17    4   13   21    7    6    7    1    1  108
     3   11    1   40   17    0  185   19    3    3    2    0    4   25]
 [   6    6    8   10    7    7    2    5    2   13    9   13    4    0
   130    0    1    2    0    4   83    6    0    9    2    1   15    5]
 [  97   12    2   11   18   11    3    3    3    4   10    0    2    7
     1 1054    1   22   16    0   62   16    2    7   12   17    7    4]
 [   1    0    2    4    3    1    1    1    1    2    2    2    1    0
     2    0    6    0    0    1   17    3    0    0    0    3    7    1]
 [  68   98    2   12   28    8    7    2    6    5    3    1    5   42
     3   36    0  242   58    2  165   22    4    9   12    0    2    9]
 [  82   11    2   11   28    6    5    7    6    4   10    1    4   13
     2    8    0   35  572    1  135   16    0    6    1    3    5    1]
 [   1    3    3    6    9    7    2    2    0    6    9    5    2    1
     8    0    0    0    1   16   41    3    1    4    0    0   12    2]
 [ 388  259  251  434  546  162  256  280  115  191  516  119   61  117
    66   94   22  131  142   46 5949  227   43  267   43   49  187  114]
 [  52    8    4   19   57   32   17   12   42   15   35    7    4    9
     5   17    0   13    8    4  245  277    4   17    4    5   10    9]
 [  23    1    4    1    3    3    3    0    1    4    2    1    1    1
     1    3    1    9    0    0   49    5   13    5    0    1    0    0]
 [  35   19   20   35   66    9   22   18   10   31   47   12    9    4
     8    3    2    9    5    5  380   25    1  112    4   13   14   20]
 [   9    1    1    3   13    7    3    0    0    8    5    0    1    4
     0    9    1   11    1    1   55    7    1    1   16    1    1    0]
 [   4    2    2    9    1    4    2    1    0   16    6    2    6    1
     2    8    1    2    3    1   39    3    0   10    2  136   33    2]
 [   8   10   13   29   20   15    7    4    8   61   29    9    9    5
    13    4    8    8    8    7  190   10    2   13    3   67  212    5]
 [  44   12   22   21   23    6   20   31    4   16   16    7    5   22
     9    8    3    8    4    1  233    8    1   28    2    2    6  169]]
                precision    recall  f1-score   support

    admiration       0.46      0.51      0.48      2126
     amusement       0.47      0.52      0.49      1212
         anger       0.32      0.31      0.31      1126
     annoyance       0.18      0.16      0.17      1686
      approval       0.22      0.16      0.19      2304
        caring       0.23      0.19      0.21       672
     confusion       0.25      0.22      0.23      1010
     curiosity       0.32      0.28      0.30      1113
        desire       0.22      0.21      0.21       380
disappointment       0.15      0.12      0.14       907
   disapproval       0.21      0.21      0.21      1523
       disgust       0.25      0.24      0.24       568
 embarrassment       0.19      0.17      0.18       312
    excitement       0.24      0.18      0.21       595
          fear       0.37      0.37      0.37       350
     gratitude       0.73      0.75      0.74      1404
         grief       0.09      0.10      0.09        61
           joy       0.32      0.28      0.30       851
          love       0.53      0.59      0.56       975
   nervousness       0.11      0.11      0.11       144
       neutral       0.48      0.54      0.51     11075
      optimism       0.29      0.30      0.29       931
         pride       0.12      0.10      0.11       135
   realization       0.14      0.12      0.13       938
        relief       0.11      0.10      0.11       160
       remorse       0.33      0.46      0.38       298
       sadness       0.27      0.27      0.27       777
      surprise       0.31      0.23      0.27       731

      accuracy                           0.38     34364
     macro avg       0.28      0.28      0.28     34364
  weighted avg       0.37      0.38      0.37     34364
