Top Multi-Layered Perceptron for emotions from the embedded Reddit posts with the following parameters: 
{'activation': 'relu', 'hidden_layer_sizes': (30, 50), 'max_iter': 8, 'solver': 'adam'}
[[ 884   37    5    2    6    4    0   17    2    1    0    2    0    3
     0   74    0   33  102    0  913   19    0    0    0    0    5   16]
 [  48  568    7    3    0    1    0    7    0    0    1    0    0    1
     0   10    0   31   18    0  494    3    0    0    0    0   14    6]
 [  11   25  152    6    0    0    0   17    1    0    1    9    0    0
     0    3    0    1    5    0  860    1    0    0    0    2   27    5]
 [  28   61   41    8    2    5    2   30    0    1    1   17    0    0
     0   20    0    6   15    0 1397    3    0    0    0    4   35   10]
 [ 165   49    5    1   26    7    1   16    0    0    8    2    0    1
     0   24    0   17   43    0 1882   24    0    0    0    7   24    2]
 [  30    8    2    0    1   34    0    4    2    0    0    0    0    1
     0   15    0    4   11    0  521   22    0    0    0    6   11    0]
 [   7   13    5    0    1    0   15  162    1    0    2    2    0    0
     0    3    0    1   10    0  777    0    0    0    0    3    3    5]
 [   4   15    8    0    0    1    9  312    2    0    0    0    0    0
     0    7    0    0    6    0  733    2    0    0    0    2    2   10]
 [  10    7    1    1    0    3    0    2   31    0    0    1    0    0
     0    5    0    6   20    0  264   23    0    0    0    1    4    1]
 [  26   23   11    4    0    0    4    6    1    1    2    7    0    0
     0   11    0    2   10    0  738    4    0    0    0   15   39    3]
 [  21   35   15    4    8    2    4   11    1    0   21   10    0    0
     0    7    0    4    8    0 1337    8    0    0    0    5   22    0]
 [  14   14   14    1    0    1    0    3    0    1    0   43    0    0
     0    3    0    0    4    0  457    0    0    0    0    0   12    1]
 [  10   11    7    0    0    0    1    3    0    0    1    2    0    0
     0    4    0    1    6    0  240    1    0    0    0    7   16    2]
 [  69   14    6    1    2    0    0    9    2    0    0    1    0    4
     0   23    0   44   22    0  379    4    0    0    0    0    6    9]
 [   9    7    5    0    1    3    0    2    0    0    0   25    0    0
     0    0    0    1    0    0  262    3    0    0    0    4   23    5]
 [  84   12    1    1    0    8    0    3    0    0    0    0    0    2
     0  984    0   21   15    0  232   24    0    0    0    9    8    0]
 [   2    1    1    0    0    1    0    1    0    0    0    0    0    0
     0    0    0    0    2    0   43    0    0    0    0    3    7    0]
 [  90   86    1    0    0    1    0    5    0    0    0    1    0    5
     0   88    0   99   58    0  398   12    0    0    0    0    4    3]
 [  66   10    2    0    0    0    1    8    0    0    0    0    0    1
     0   13    0   12  551    0  305    3    0    0    0    0    3    0]
 [   2    3    1    0    0    1    0    1    0    0    0    3    0    0
     0    1    0    0    1    0  121    0    0    0    0    1    8    1]
 [ 368  250   75    9   18   22   14  319    5    0   21   21    0    4
     0  105    0   58  125    0 9486   60    0    0    0    7   92   15]
 [  47    8    1    0    1    7    0    4    9    0    1    2    0    0
     0   28    0    9   18    0  639  148    0    0    0    2    6    1]
 [  17    2    2    0    0    0    0    1    0    0    0    0    0    0
     0    5    0    3    2    0  100    1    0    0    0    0    1    1]
 [  27   22    3    0    1    1    2    7    0    2    7    2    0    2
     0    4    0    3    8    0  828    4    0    0    0    2    6    7]
 [  11    3    0    0    0    0    0    1    0    0    0    0    0    0
     0   13    0    3    3    0  120    0    0    0    0    5    1    0]
 [   1    4    0    1    0    0    4    3    0    0    0    1    0    0
     0    9    0    0    2    0  175    2    0    0    0   57   37    2]
 [  12   17    2    1    0    2    3    2    0    0    1    5    0    0
     0    6    0    4   10    0  527    6    0    0    0   32  144    3]
 [  62   35   11    1    0    1    3   25    0    0    0    3    0    2
     0    7    0    3    6    0  542    1    0    0    0    0    3   26]]
                precision    recall  f1-score   support

    admiration       0.42      0.42      0.42      2125
     amusement       0.42      0.47      0.45      1212
         anger       0.40      0.13      0.20      1126
     annoyance       0.18      0.00      0.01      1686
      approval       0.39      0.01      0.02      2304
        caring       0.32      0.05      0.09       672
     confusion       0.24      0.01      0.03      1010
     curiosity       0.32      0.28      0.30      1113
        desire       0.54      0.08      0.14       380
disappointment       0.17      0.00      0.00       907
   disapproval       0.31      0.01      0.03      1523
       disgust       0.27      0.08      0.12       568
 embarrassment       0.00      0.00      0.00       312
    excitement       0.15      0.01      0.01       595
          fear       0.00      0.00      0.00       350
     gratitude       0.67      0.70      0.68      1404
         grief       0.00      0.00      0.00        61
           joy       0.27      0.12      0.16       851
          love       0.51      0.57      0.54       975
   nervousness       0.00      0.00      0.00       144
       neutral       0.38      0.86      0.53     11074
      optimism       0.39      0.16      0.23       931
         pride       0.00      0.00      0.00       135
   realization       0.00      0.00      0.00       938
        relief       0.00      0.00      0.00       160
       remorse       0.33      0.19      0.24       298
       sadness       0.26      0.19      0.21       777
      surprise       0.19      0.04      0.06       731

      accuracy                           0.40     34362
     macro avg       0.25      0.16      0.16     34362
  weighted avg       0.34      0.40      0.30     34362
