2 0 2 .ZZ.....BC..AABC...DD...............
2 1 1 .ZZC....BC..AAB....DD...............
2 1 1 .ZZ.....B...AAB....DDC.....C........
3 1 2 ZZ......BC..AABC...DD...............
3 1 2 ..ZZ....BC..AABC...DD...............
3 1 2 ...ZZ...BC..AABC...DD...............
3 1 2 .ZZ.....B...AABC...DDC..............
3 1 2 .ZZ.....BC..AABC..DD................
3 1 2 .ZZ.....BC..AABC....DD..............
3 1 2 .ZZ.....BC..AABC.....DD.............
3 2 1 ZZ.C....BC..AAB....DD...............
3 2 1 .ZZC....BC..AAB...DD................
3 2 1 .ZZC....BC..AAB.....DD..............
3 2 1 .ZZC....BC..AAB......DD.............
3 2 1 ZZ......B...AAB....DDC.....C........
3 2 1 ..ZZ....B...AAB....DDC.....C........
3 2 1 ...ZZ...B...AAB....DDC.....C........
3 2 1 .ZZ.....B...AAB...DD.C.....C........
3 2 1 ZZB.....BC..AA.C...DD...............
3 2 1 ..BZZ...BC..AA.C...DD...............
3 2 1 .ZZ......C..AA.C..DDB.....B.........
3 2 1 .ZZ......C..AA.C....BDD...B.........
3 3 0 ZZBC....BC..AA.....DD...............
3 3 0 .ZZC.....C..AA....DDB.....B.........
3 3 0 .ZZC.....C..AA......BDD...B.........
3 3 0 ZZB.....B...AA.....DDC.....C........
3 3 0 ..BZZ...B...AA.....DDC.....C........
3 3 0 .ZZ.........AA....DDBC....BC........
4 2 2 ZZ......B...AABC...DDC..............
4 2 2 ZZ......BC..AABC..DD................
4 2 2 ZZ......BC..AABC....DD..............
4 2 2 ZZ......BC..AABC.....DD.............
4 2 2 ..ZZ....B...AABC...DDC..............
4 2 2 ..ZZ....BC..AABC..DD................
4 2 2 ..ZZ....BC..AABC....DD..............
4 2 2 ..ZZ....BC..AABC.....DD.............
4 2 2 ...ZZ...B...AABC...DDC..............
4 2 2 ...ZZ...BC..AABC..DD................
4 2 2 ...ZZ...BC..AABC....DD..............
4 2 2 ...ZZ...BC..AABC.....DD.............
4 2 2 .ZZ.....B...AABC..DD.C..............
4 2 2 .ZZ......C..AABC..DDB...............
4 2 2 .ZZ......C..AABC....BDD.............
4 3 1 ZZ.C....BC..AAB...DD................
4 3 1 ZZ.C....BC..AAB.....DD..............
4 3 1 ZZ.C....BC..AAB......DD.............
4 3 1 .ZZC.....C..AAB...DDB...............
4 3 1 .ZZC.....C..AAB.....BDD.............
4 3 1 ZZ......B...AAB...DD.C.....C........
4 3 1 ..ZZ....B...AAB...DD.C.....C........
4 3 1 ...ZZ...B...AAB...DD.C.....C........
4 3 1 .ZZ.........AAB...DDBC.....C........
4 3 1 ZZB.....B...AA.C...DDC..............
4 3 1 ZZB.....BC...AAC...DD...............
4 3 1 ZZB.....BC..AA.C..DD................
4 3 1 ZZB.....BC..AA.C....DD..............
4 3 1 ZZB.....BC..AA.C.....DD.............
4 3 1 ..BZZ...B...AA.C...DDC..............
4 3 1 ..BZZ...BC...AAC...DD...............
4 3 1 ..BZZ...BC..AA.C..DD................
4 3 1 ..BZZ...BC..AA.C....DD..............
4 3 1 ..BZZ...BC..AA.C.....DD.............
4 3 1 ZZ.......C..AA.C..DDB.....B.........
4 3 1 ..ZZ.....C..AA.C..DDB.....B.........
4 3 1 ...ZZ....C..AA.C..DDB.....B.........
4 3 1 .ZZ.........AA.C..DDBC....B.........
4 3 1 .ZZ......C...AAC..DDB.....B.........
4 3 1 ZZ.......C..AA.C....BDD...B.........
4 3 1 ..ZZ.....C..AA.C....BDD...B.........
4 3 1 ...ZZ....C..AA.C....BDD...B.........
4 3 1 .ZZ......C...AAC....BDD...B.........
4 4 0 ZZBC....BC...AA....DD...............
4 4 0 ZZBC....BC....AA...DD...............
4 4 0 ZZBC....BC.....AA..DD...............
4 4 0 ZZBC....BC......AA.DD...............
