Base Multi-Layered Perceptron for emotions from the embedded Reddit posts with defaut parameters 
[[1033   41    5   18   25   16    0   11    4    2    5    4    2   18
     6   69    0   60   95    0  642   21    6    3    1    3    3   32]
 [  48  622    4   21    7    2    0    5    2    5    3    5    1    9
     3    9    0   40   15    0  386    4    0    0    0    2   10    7]
 [  19   27  237  101    5    8    1    3    3    3   15   25    3    3
     6    5    0    4    8    0  621    2    0    0    0    4   15    7]
 [  58   80   64  157    6   10    4   24    2    9   27   39    9    7
    12   17    1   10   12    1 1086    5    0    1    0    5   21   17]
 [ 177   49   10   39  126   30    2    8    7   13   34   13    1   13
    13   16    0   34   33    0 1618   21    0    7    0   10   16   13]
 [  21    9    2    9    5  116    1    2    4    2    5    1    0    0
    12   16    0    8    9    1  408   19    0    0    0    7   15    0]
 [  17   14    5   14    4    4   70   61    1    0   10    4    2    3
     5    4    0    5    8    0  752    5    0    2    0    3    9    8]
 [  33   17   10   13    5    6   30  196    6    1    3    3    3    9
     3    6    0    2    6    0  735    4    0    0    0    1    2   17]
 [  19   12    2    3    4    2    1    1   68    2    1    1    0    1
     1    3    0    8   10    0  218   21    0    0    0    0    2    0]
 [  24   23   11   35    3   12    3    3    3   36   14   13    2    1
    12   12    1    7    9    1  601    5    0    0    0   16   44   16]
 [  31   40   18   56   16   10    8    6    2    9  111   21    0    3
    10   12    0   12   10    0 1101    6    0    2    0   10   20    9]
 [  18    8   30   40    3    2    2    3    1    3    9   90    7    1
    15    2    0    1    2    0  317    1    0    0    0    2    9    2]
 [  10   10    4   18    1    3    2    1    1    6    3    6   32    2
     2    2    0    1    1    0  185    2    0    1    0    9    6    4]
 [  67   19    3    7    9    1    0    6    7    0    4    0    0   77
     2   11    0   36   15    0  299    9    0    0    0    0    5   18]
 [   6    6    3    3    2    5    1    1    1    1    4   15    0    0
   114    0    0    3    0    2  158    3    0    0    0    0   14    8]
 [  92   11    2    0    4    7    0    1    1    2    1    1    0    7
     0 1053    1   29   10    0  142   15    0    0    1   16    7    1]
 [   1    1    1    0    0    1    1    0    0    1    0    0    0    0
     1    1    3    0    1    0   42    2    0    0    0    2    3    0]
 [  82  111    2    4    6    7    2    3    2    4    4    2    0   20
     2   26    0  198   54    0  301    7    0    0    3    0    1   10]
 [ 107   14    1    5    5    7    3    4    1    2    1    1    0    5
     1    8    0   21  550    0  226    5    1    0    0    1    4    2]
 [   2    2    4    4    2    2    2    0    1    0    2    2    2    0
    13    1    0    1    1    9   86    1    0    0    0    0    7    0]
 [ 392  295  101  186  113  117   56  162   48   50  144   64   21   48
    74   79    6  102   90    1 8642   59    3   16    2   23   97   76]
 [  60   13    1    5    6   29    4    5   28    4    6    2    1    7
     5   20    0   17   10    2  511  188    0    0    0    2    0    5]
 [  22    1    1    0    1    3    0    0    1    1    0    1    0    0
     1    2    0   10    4    0   77    0    6    1    1    0    2    0]
 [  30   27    4   13   12   10    6    4    3    5   12    3    2    5
    13    6    1    7    4    1  709    4    0   17    0    9   11   20]
 [  10    3    1    0    2    6    0    0    0    0    1    0    0    0
     1   11    0    9    2    0  107    0    0    0    5    0    2    0]
 [   3    6    2    3    2    6    0    1    0    4    0    1    0    0
     3    6    0    1    4    0  102    3    0    0    0  107   41    3]
 [   9   18    5   18    2   14    2    1    6   28   14    7    3    1
    11    6    5    3    7    1  376   10    0    1    0   57  164    8]
 [  50   21    7   10    3    4    7   12    0    0    4    7    2   12
    10    7    1    7    2    0  408    3    0    6    0    0    5  142]]
                precision    recall  f1-score   support

    admiration       0.42      0.49      0.45      2125
     amusement       0.41      0.51      0.46      1210
         anger       0.44      0.21      0.28      1125
     annoyance       0.20      0.09      0.13      1684
      approval       0.33      0.05      0.09      2303
        caring       0.26      0.17      0.21       672
     confusion       0.34      0.07      0.11      1010
     curiosity       0.37      0.18      0.24      1111
        desire       0.33      0.18      0.23       380
disappointment       0.19      0.04      0.07       907
   disapproval       0.25      0.07      0.11      1523
       disgust       0.27      0.16      0.20       568
 embarrassment       0.34      0.10      0.16       312
    excitement       0.31      0.13      0.18       595
          fear       0.32      0.33      0.33       350
     gratitude       0.75      0.75      0.75      1404
         grief       0.16      0.05      0.07        61
           joy       0.31      0.23      0.27       851
          love       0.57      0.56      0.56       975
   nervousness       0.47      0.06      0.11       144
       neutral       0.41      0.78      0.54     11067
      optimism       0.44      0.20      0.28       931
         pride       0.38      0.04      0.08       135
   realization       0.30      0.02      0.03       938
        relief       0.38      0.03      0.06       160
       remorse       0.37      0.36      0.36       298
       sadness       0.31      0.21      0.25       777
      surprise       0.33      0.19      0.25       730

      accuracy                           0.41     34346
     macro avg       0.36      0.22      0.25     34346
  weighted avg       0.38      0.41      0.35     34346
