Base Multinomial Naive Bayes for emotions with alpha=1 
[[ 896   13    1    9   41    6    1    7    3    2    9    1    1    3
     0   49    0   24   51    0  983    9    0    2    0    0    2   13]
 [  41  403    2   15   15    1    0    4    1    0    4    0    0    5
     0    4    0   11    8    0  689    2    0    0    0    0    1    6]
 [   8   17  156   74   13    1    3    5    0    6   31    9    0    1
     0    3    0    0    2    0  786    1    0    2    0    3    1    4]
 [  32   33   49  127   23    2    5    8    1    7   35    9    1    4
     0   14    0    3    5    0 1303    6    0    6    0    2    4    7]
 [ 105   20   12   29  179    7    7    9    3    3   27    1    0    6
     1   14    0    7   22    0 1809   17    1   15    0    0    6    4]
 [  14    5    2    2   22   31    1    2    1    0    3    0    0    0
     1    6    0    3    7    0  549   15    0    0    0    3    5    0]
 [   8    6    5    8   21    2   56   21    0    4    9    0    0    1
     1    5    0    1    3    0  848    4    0    3    0    0    2    2]
 [  17    7    6   10   22    2   15  107    3    5   13    0    0    4
     1    8    0    1    4    0  875    4    0    1    0    1    1    6]
 [  10    8    1    6   13    0    2    2   21    0    2    1    0    0
     0    3    0    5    8    0  285   12    0    0    0    0    0    1]
 [  22    9    7   20   16    2    3    4    0   46   18    6    0    0
     2   12    0    1    1    0  712    3    0    3    0    2   14    4]
 [  21   17   10   35   44    1    3    5    0    7  107    5    2    1
     0   10    0    5    4    0 1222    3    0    6    0    1   10    4]
 [   7    4   14   31   11    1    3    0    1    3   11   54    2    0
     2    1    0    0    3    0  412    1    0    0    0    1    5    1]
 [   8    5    4   14    6    0    0    0    0    2    4    1   12    0
     0    1    0    0    0    0  247    1    0    3    0    2    1    1]
 [  51    9    3    5   13    1    2    8    0    0    2    1    0   29
     1    8    0   38   14    0  392    9    0    1    0    0    1    7]
 [   8    1    5    6    6    2    0    6    1    2    2    6    0    0
    21    0    0    0    0    0  278    1    0    0    0    0    3    2]
 [  85    6    0    0    5    3    0    1    0    2    4    0    0    0
     0  982    0   14    5    0  280   11    0    1    0    1    4    0]
 [   0    0    0    3    0    0    0    1    0    2    1    0    0    0
     0    0    0    0    1    0   49    1    0    0    0    2    1    0]
 [  62   48    1    1   14    1    1    0    0    1    0    0    0    4
     0   22    0  124   29    0  532    7    0    3    0    0    0    1]
 [  64    4    0    2    9    0    0    0    0    1    1    0    0    0
     0    6    0   14  333    0  536    3    0    1    0    0    1    0]
 [   1    1    1    5    4    1    1    0    0    1    1    1    0    0
     1    1    0    0    0    0  122    1    0    1    0    0    1    0]
 [ 297  136   89  177  244   40   43   75   20   45  158   35    4   30
    16   80    0   54   70    0 9274   42    2   59    0    7   33   45]
 [  44    4    2    8   21    6    1    6    9    2   10    1    0    1
     1   10    0    7    6    0  640  148    0    0    0    0    1    3]
 [  20    0    2    2    3    1    0    1    1    1    0    0    0    0
     0    1    0    3    0    0   98    0    1    1    0    0    0    0]
 [  25    9    4    9   27    1    8    5    0    3   13    0    0    2
     3    1    0    4    2    0  777    1    0   32    0    1    5    6]
 [   5    1    0    0    4    2    1    0    0    1    0    0    0    1
     0   16    0    4    2    0  123    0    0    0    0    0    0    0]
 [   1    1    1    4    3    1    0    0    1    4    3    1    0    0
     0    8    0    0    1    0  215    0    0    4    0   32   17    1]
 [   7    7    3   17   11    5    2    2    0   14    6    0    1    1
     3    1    0    3    3    0  590    5    0    1    0   13   79    3]
 [  43    3   10    6   13    0    2    9    0    3    2    0    0    4
     1    4    0    3    1    0  545    3    0   10    0    0    4   65]]
                precision    recall  f1-score   support

    admiration       0.47      0.42      0.44      2126
     amusement       0.52      0.33      0.41      1212
         anger       0.40      0.14      0.21      1126
     annoyance       0.20      0.08      0.11      1686
      approval       0.22      0.08      0.12      2304
        caring       0.26      0.05      0.08       672
     confusion       0.35      0.06      0.10      1010
     curiosity       0.37      0.10      0.15      1113
        desire       0.32      0.06      0.09       380
disappointment       0.28      0.05      0.09       907
   disapproval       0.22      0.07      0.11      1523
       disgust       0.41      0.10      0.15       568
 embarrassment       0.52      0.04      0.07       312
    excitement       0.30      0.05      0.08       595
          fear       0.38      0.06      0.10       350
     gratitude       0.77      0.70      0.73      1404
         grief       0.00      0.00      0.00        61
           joy       0.38      0.15      0.21       851
          love       0.57      0.34      0.43       975
   nervousness       0.00      0.00      0.00       144
       neutral       0.37      0.84      0.51     11075
      optimism       0.48      0.16      0.24       931
         pride       0.25      0.01      0.01       135
   realization       0.21      0.03      0.06       938
        relief       0.00      0.00      0.00       160
       remorse       0.45      0.11      0.17       298
       sadness       0.39      0.10      0.16       777
      surprise       0.35      0.09      0.14       731

      accuracy                           0.39     34364
     macro avg       0.34      0.15      0.18     34364
  weighted avg       0.37      0.39      0.31     34364
