Base Multi-Layered Perceptron for emotions from the embedded Reddit posts with defaut parameters 
[[ 926   39   13   18   16    8    0   11    3    2   21    4    1   21
     5   50    0   52  110    0  752   21    8    1    3    3    6   31]
 [  41  659    2   22    7    0    4    7    4    1    6    3    3    7
     2    5    0   30   13    0  370    4    0    1    0    0   11   10]
 [  14   34  247  104    2    1    3   10    3    4   25   31    2    0
     8    4    1    2    8    0  599    3    0    0    0    4    9    8]
 [  44   65   85  174    7    2    8   20    5   12   50   34   15    2
     8   17    0   11   14    1 1069    7    3    1    0    6   19    7]
 [ 151   56   17   40  128   12   12   14    6    8   52   17    3    8
     8   15    0   33   43    0 1611   29    0    4    0   11   16   10]
 [  25    9    7    9    6   68    1    6    9    1    6    1    1    0
     5   14    0    6   10    2  436   25    0    0    0    8   16    1]
 [  11   15    9    7    4    1  111  132    1    2   18    0    2    2
     5    4    0    1    8    1  652    5    0    2    0    3    3   11]
 [   9   22   15   12    2    2   40  326    3    1    6    1    4    4
     3    5    0    1    5    1  633    2    0    0    0    4    0   12]
 [  15    7    1    7    5    2    1    1   64    3    1    2    1    0
     1    3    0    8   12    0  218   25    0    0    0    0    2    1]
 [  24   23   21   49    3    2    6   10    5   32   23   17    4    1
     6    8    1    4    5    3  595    8    0    1    0   20   30    6]
 [  22   36   33   37   10    3    9    8    4    7  147   25    5    1
     9    9    0    7   14    0 1092   12    0    2    0    9   12   10]
 [  12   15   31   38    1    0    1    3    0    5   15   82    6    2
    11    3    0    1    5    0  317    3    0    0    0    3    9    5]
 [  12    8    9   16    1    0    3    2    2    2    8    6   23    1
     3    3    0    1    5    0  184    1    0    3    0   11    4    4]
 [  52   17    2    9    3    0    0   13    4    0    4    3    0   59
     3   16    0   39   16    0  323   11    0    0    1    0    1   19]
 [   6    6    3    5    2    3    1    1    1    3    4   13    2    0
    99    0    0    1    1    4  174    8    0    0    0    0    5    8]
 [  89   14    1    1    1    6    0    1    2    0    1    1    0    8
     0 1032    0   27   21    0  145   21    1    0    0   22    5    5]
 [   1    0    1    3    0    0    0    0    0    1    0    1    1    0
     2    1    1    0    1    0   39    1    0    0    0    2    5    1]
 [  80  100    1    5    5    0    0    3    0    3    3    1    1   22
     2   34    0  194   64    0  306   12    1    1    1    0    3    9]
 [  60   13    3    4    5    1    3    7    0    3    2    1    0    3
     0    9    0   25  616    0  212    4    1    0    0    0    1    2]
 [   1    4    5    1    0    0    1    0    1    2    2    1    1    0
    15    1    0    2    1   11   87    4    0    0    0    0    3    1]
 [ 325  258  124  197   96   48   71  272   52   29  192   54   12   35
    50   89    4   92  118    7 8688   90    3   12    0   33   63   60]
 [  41    9    3    8   10   13    1    5   31    5    9    1    1    3
     8   18    0   12   18    1  482  239    0    0    0    3    5    5]
 [  17    1    0    3    0    0    0    1    1    0    0    1    0    1
     1    5    0    7    1    1   86    1    6    1    0    0    1    0]
 [  22   32    9   22   10    5    2    8    4    6   12    3    2    9
     9    3    2    8    4    0  725    6    0    9    0    8    4   14]
 [  12    3    0    4    1    3    0    0    0    1    2    1    0    0
     2   12    0    7    2    1  103    1    0    0    1    1    1    2]
 [   2    1    2    5    1    2    3    1    0    4    4    2    1    0
     0   10    1    0    2    0  111    6    0    0    0  108   29    3]
 [  10   17    3   16    4    7    4    4    8   25   13   11    5    0
     7    3    1    6    7    1  391   10    0    1    0   64  156    3]
 [  47   19   10   12    2    1    8   27    0    1    2    6    2   11
     5    2    0    5    3    0  436    4    0    3    0    2    3  120]]
                precision    recall  f1-score   support

    admiration       0.45      0.44      0.44      2125
     amusement       0.44      0.54      0.49      1212
         anger       0.38      0.22      0.28      1126
     annoyance       0.21      0.10      0.14      1686
      approval       0.39      0.06      0.10      2304
        caring       0.36      0.10      0.16       672
     confusion       0.38      0.11      0.17      1010
     curiosity       0.37      0.29      0.33      1113
        desire       0.30      0.17      0.22       380
disappointment       0.20      0.04      0.06       907
   disapproval       0.23      0.10      0.14      1523
       disgust       0.25      0.14      0.18       568
 embarrassment       0.23      0.07      0.11       312
    excitement       0.29      0.10      0.15       595
          fear       0.36      0.28      0.32       350
     gratitude       0.75      0.74      0.74      1404
         grief       0.09      0.02      0.03        61
           joy       0.33      0.23      0.27       851
          love       0.55      0.63      0.59       975
   nervousness       0.32      0.08      0.12       144
       neutral       0.42      0.78      0.54     11074
      optimism       0.42      0.26      0.32       931
         pride       0.26      0.04      0.08       135
   realization       0.21      0.01      0.02       938
        relief       0.17      0.01      0.01       160
       remorse       0.33      0.36      0.35       298
       sadness       0.37      0.20      0.26       777
      surprise       0.33      0.16      0.22       731

      accuracy                           0.42     34362
     macro avg       0.34      0.22      0.24     34362
  weighted avg       0.38      0.42      0.36     34362
