Base Multi-Layered Perceptron for emotions with alpha=1 
[[ 989   40    6   26  104   29   12   26   10   13   21   11    3   42
     4   85    2   85  110    3  353   56   19   35    8    3    6   25]
 [  39  608    5   39   35    9   12   17    6   13   13   12   10   18
     7   12    1   85   15    0  211   10    0   18    1    1    2   13]
 [  10   23  320  132   30   14   12   15    3   26   59   35   10    6
    10    4    3    9    7    1  330    6    0   22    0    4   11   24]
 [  36   55  115  232   82   20   40   54   15   65  107   66   23   12
    19   16    2   15   20    5  560   19    3   42    6    9   24   24]
 [ 130   39   26   69  447   52   39   26   22   48   70   28    9   25
    18   26    3   71   43    5  896   71    2   70   15   13   20   21]
 [  21    9    6   22   54  139    5   13   12   16   18    2    3    1
    12   10    0   21   13    3  220   32    0   10    3   11   13    3]
 [  10   17    9   28   39    4  260  140    6   16   35   10    5    6
     7    4    1    1   10    2  344   14    1   16    0    5    7   13]
 [  11   11   12   23   29    7   81  421    9   10   18    7    2   17
     5    5    0    7    7    2  363   10    0   13    0    4    7   32]
 [  12    7    1   11   23    4    4    7   85    8   13    0    3   10
     1    5    1    8   12    1  118   35    0    6    2    0    2    1]
 [  10   17   33   41   26   21   22   24    8  153   67   27    5    4
    17    7    5    5    5   10  287   12    2   26    1   15   48    9]
 [  25   35   44   76   84   25   34   18   10   64  345   37   15    9
     7    4    2   10    7    5  555   23    2   32    1   14   27   13]
 [   5   10   37   52   19    5   11   10    3   30   41  125   13    3
    19    1    2    4    4    0  144    0    0    8    0    5   12    5]
 [   4    8    6   26    9    4    2   10    2   20   16   13   54    3
     6    1    0    4    2    6   80    2    1    9    0   10    9    5]
 [  48   19    6   11   31    2   10   19    7    4    4    1    1  104
     3   12    0   65   19    0  169   18    5    8    3    0    2   24]
 [   5    6    9   12    9    6    2    7    2    9    5   13    3    0
   145    0    1    5    0    5   78    5    0    5    3    0   10    5]
 [  83    7    1   11   15   15    4    3    8    5    8    0    1   11
     1 1041    2   32   11    1   81   16    4    8    8   14    6    7]
 [   0    0    1    4    2    0    3    1    1    5    1    0    1    0
     4    1    8    0    2    2   16    1    0    2    0    1    4    1]
 [  58  100    1   16   34   12    4    9    5   10    5    4    1   35
     1   31    0  265   49    2  154   23    2    6   10    1    1   12]
 [  69   13    2   12   25    7    2    7    5    7    5    4    2    8
     2    7    0   49  569    0  156   18    0    2    1    2    1    0]
 [   0    4    3    6   11    5    3    2    0    8    5    3    2    1
    12    0    0    0    2   14   48    3    1    2    1    2    5    1]
 [ 300  231  196  397  693  187  259  362  130  249  480  137   63  133
    96   87   20  183  140   34 5855  213   28  279   28   40  123  132]
 [  39    8    4   18   72   45   15   15   58   14   30    8    4    8
     3   14    0   17    6    0  254  256    4   18    4    3    2   12]
 [  23    1    2    1    8    2    2    1    2    5    2    0    1    0
     1    5    1   11    1    0   45    5    9    5    0    0    2    0]
 [  26   22   13   25   78    7   27   17    9   33   41   11    9   11
     9    5    2   17    6    5  374   21    0  119    0   17   11   23]
 [   8    3    1    4   19    5    2    0    1   10    3    0    0    3
     0   10    0   16    1    0   50    8    0    2   13    0    1    0]
 [   1    4    3    8    7    8    2    2    0   19    8    5    6    0
     2   15    1    1    2    1   36    2    0    9    2  117   35    2]
 [   6   12    9   28   30   19   10    8    5   76   31   14   13    3
    11    3    9   11    8    6  198    4    1   22    2   53  176    9]
 [  30   13   18   16   24    2   10   45    4   18   16    8    7   27
    11    6    2   19    3    2  222    8    2   27    2    1    2  186]]
                precision    recall  f1-score   support

    admiration       0.49      0.47      0.48      2126
     amusement       0.46      0.50      0.48      1212
         anger       0.36      0.28      0.32      1126
     annoyance       0.17      0.14      0.15      1686
      approval       0.22      0.19      0.21      2304
        caring       0.21      0.21      0.21       672
     confusion       0.29      0.26      0.27      1010
     curiosity       0.33      0.38      0.35      1113
        desire       0.20      0.22      0.21       380
disappointment       0.16      0.17      0.16       907
   disapproval       0.24      0.23      0.23      1523
       disgust       0.22      0.22      0.22       568
 embarrassment       0.20      0.17      0.19       312
    excitement       0.21      0.17      0.19       595
          fear       0.33      0.41      0.37       350
     gratitude       0.73      0.74      0.74      1404
         grief       0.12      0.13      0.12        61
           joy       0.26      0.31      0.28       851
          love       0.53      0.58      0.56       975
   nervousness       0.12      0.10      0.11       144
       neutral       0.48      0.53      0.50     11075
      optimism       0.29      0.27      0.28       931
         pride       0.10      0.07      0.08       135
   realization       0.14      0.13      0.14       938
        relief       0.11      0.08      0.09       160
       remorse       0.34      0.39      0.36       298
       sadness       0.31      0.23      0.26       777
      surprise       0.31      0.25      0.28       731

      accuracy                           0.38     34364
     macro avg       0.28      0.28      0.28     34364
  weighted avg       0.37      0.38      0.37     34364
