Top Multi-Layered Perceptron for emotions from the embedded Reddit posts with the following parameters: 
{'activation': 'relu', 'hidden_layer_sizes': (30, 50), 'max_iter': 8, 'solver': 'adam'}
[[  756    17     4     0    14     6     0     2     0     0     2     1
      0    11     2    83     0    18    72     0  1118    14     0     0
      0     0     0     0]
 [   39   329     6     5     1     0     0     1     1     0     2     0
      0     1     2    15     0    12    14     0   771     4     0     0
      0     0     6     0]
 [   10    15    74    49     1     1     0     1     1     0     5     9
      0     0     3     7     0     1     6     0   912     2     0     0
      0     0     2     0]
 [   23    34    33    38     1     3     0     7     1     1    10    12
      0     0     5    13     0     2     8     0  1473     3     0     0
      0     0    15     0]
 [  112    28     3     3    30     7     0     2     3     0    17     3
      0     2     7    40     0     8    26     0  1983    15     0     0
      0     1     7     1]
 [   25     1     0     1     1    23     0     1     3     1     4     0
      0     0     0    29     0     1     6     0   541    21     0     0
      0     5     8     0]
 [    2     9     2     2     2     0     4    29     1     0     6     1
      0     1     2     4     0     2     2     0   933     0     0     0
      0     0     4     1]
 [    9     7     3     0     0     0     4    61     3     0     0     0
      0     1     0     4     0     0     2     0  1013     1     0     0
      0     2     0     1]
 [    8     5     0     1     0     3     0     0    40     0     0     1
      0     1     1     3     0     2     8     0   287    16     0     0
      0     0     0     0]
 [   15    10     5     6     0     0     0     1     1     4     3    12
      0     1     3     9     0     0     5     0   797     5     0     0
      0     6    22     0]
 [    7    28     9     6     6     1     0     0     0     0    35     7
      1     2     1    11     0     2     7     0  1382     4     0     0
      0     1    10     0]
 [    6     7    11     8     1     0     0     1     1     0     1    43
      0     0     9     0     0     0     1     0   470     1     0     0
      0     0     5     0]
 [    6     9     2     6     1     0     0     0     0     1     0     3
      1     0     2     2     0     0     1     0   274     0     0     0
      0     1     3     0]
 [   36     7     1     0     1     1     0     1     4     1     1     1
      0    31     0    26     0    20    11     0   448     2     0     0
      0     0     3     0]
 [    2     3     0     3     0     0     0     0     0     1     1    10
      0     0    61     0     0     0     0     0   259     4     0     0
      0     0     4     0]
 [   53     9     3     1     0     7     0     1     4     0     1     0
      0     3     1   672     0    15    13     0   586    22     0     0
      0     4     7     0]
 [    1     0     0     0     0     0     0     0     1     0     0     0
      0     0     1     0     0     0     0     0    51     1     0     0
      0     3     3     0]
 [   49    51     1     1     1     5     0     0     8     0     0     2
      0     6     1    60     0    76    39     0   539     5     0     0
      0     0     3     1]
 [   43    11     1     0     0     1     0     1     2     0     0     0
      0     0     0    19     0    11   398     0   481     3     0     0
      0     0     0     0]
 [    0     0     1     2     0     0     0     0     0     0     0     0
      0     0     4     0     0     0     0     0   133     0     0     0
      0     0     3     0]
 [  205   131    34    35    20    20     7    52    23     1    56    20
      0    13    32   136     0    35    74     0 10005    36     0     1
      0     2    32     2]
 [   31     2     0     1     1    16     0     0    11     0     2     1
      0     0     1    39     0    10     6     0   683   123     0     0
      0     0     2     0]
 [   10     0     0     1     0     0     0     0     1     0     0     0
      0     0     0     9     0     1     0     0   111     1     0     0
      0     0     1     0]
 [   10     8     1     1     2     1     0     1     2     0     6     0
      0     1     1     8     0     2     1     0   889     0     0     0
      0     2     1     0]
 [    6     2     0     0     1     3     0     0     0     0     2     0
      0     0     0     9     0     2     0     0   134     0     0     0
      0     0     1     0]
 [    3     0     1     1     4     0     0     1     0     0     0     0
      0     0     0    14     0     0     1     0   218     2     0     0
      0    44     7     0]
 [    3     7     2     4     3     1     0     0     1     4     1     2
      0     0     5     9     0     3     4     0   623     8     0     0
      0    13    81     2]
 [   21    13     5     4     0     1     0     3     0     0     0     2
      0     5     5    11     0     3     3     0   640     3     0     0
      0     0     3     8]]
                precision    recall  f1-score   support

    admiration       0.51      0.36      0.42      2120
     amusement       0.44      0.27      0.34      1209
         anger       0.37      0.07      0.11      1099
     annoyance       0.21      0.02      0.04      1682
      approval       0.33      0.01      0.03      2298
        caring       0.23      0.03      0.06       671
     confusion       0.27      0.00      0.01      1007
     curiosity       0.37      0.05      0.10      1111
        desire       0.36      0.11      0.16       376
disappointment       0.29      0.00      0.01       905
   disapproval       0.23      0.02      0.04      1520
       disgust       0.33      0.08      0.12       565
 embarrassment       0.50      0.00      0.01       312
    excitement       0.39      0.05      0.09       595
          fear       0.41      0.18      0.25       348
     gratitude       0.55      0.48      0.51      1402
         grief       0.00      0.00      0.00        61
           joy       0.34      0.09      0.14       848
          love       0.56      0.41      0.47       971
   nervousness       0.00      0.00      0.00       143
       neutral       0.36      0.91      0.52     10972
      optimism       0.42      0.13      0.20       929
         pride       0.00      0.00      0.00       135
   realization       0.00      0.00      0.00       937
        relief       0.00      0.00      0.00       160
       remorse       0.52      0.15      0.23       296
       sadness       0.35      0.10      0.16       776
      surprise       0.50      0.01      0.02       730

      accuracy                           0.38     34178
     macro avg       0.31      0.13      0.14     34178
  weighted avg       0.36      0.38      0.28     34178
