Top Multinomial Naive Bayes (using GridSearch) for emotions with variable alpha 
[[1014   21    2   18   51   12    4   12    3    6   13    2    1   14
     3   58    0   41   69    0  728   18    1    8    0    0    4   23]
 [  45  562    5   21   19    1    1    6    1    1    8    1    1    9
     0    6    0   26    9    0  472    4    0    4    0    0    3    7]
 [  11   17  217  108   17    4    3    7    2   11   43   21    0    2
     1    3    0    2    9    0  623    4    0    5    0    4    5    7]
 [  38   41   83  181   50    8   15   15    4   23   62   21    4    5
     2   16    0    7   10    0 1042   15    0   14    1    2   14   13]
 [ 138   28   19   38  266   18   12   14    6   18   43   11    2   11
     6   16    0   16   31    1 1521   34    2   30    0    2   11   10]
 [  20    8    2    7   25   68    1    3    2    3    6    1    0    0
     5   13    0    9    7    1  445   28    0    2    1    7    7    1]
 [  11   14    5    9   24    5   93   42    2   15   23    0    1    4
     2   10    0    1    8    0  706    9    0   12    0    3    3    8]
 [  25   14    9   16   28    4   25  173    4    4   21    0    2    8
     3   10    0    1    5    0  738    4    0    6    0    1    2   10]
 [  13    6    3    8   13    3    3    3   44    0    3    1    0    0
     0    3    0    4    9    1  241   21    0    0    0    0    0    1]
 [  26   15   14   35   28    4   11    6    1   71   32   13    2    1
     7   12    0    2    4    0  565    8    0   11    0    6   28    5]
 [  30   29   29   57   69    7   11    6    0   18  157   12    4    3
     3   11    0    9    7    0 1013    8    1   12    0    4   17    6]
 [   7    4   31   46   10    2    5    2    1    8   15   85    2    1
     4    2    0    4    4    0  321    2    0    2    0    1    8    1]
 [  10    8    6   20    9    2    1    2    0    3    7    5   21    0
     0    2    0    1    1    1  198    2    0    5    0    4    3    1]
 [  65   11    3    6   16    1    5    9    4    0    3    1    1   51
     2   14    0   46   19    0  305   13    0    1    0    0    3   16]
 [   9    3    6    8    4    3    1    4    1    5    4   12    0    3
    54    0    0    1    0    2  212    2    0    5    1    0    7    3]
 [  86   10    0    1   10    7    2    2    0    3    9    0    0    0
     0 1046    0   20    6    0  179   14    0    1    0    3    4    1]
 [   0    0    0    3    0    0    0    1    1    3    1    0    0    0
     0    0    0    0    2    1   42    1    0    1    0    3    2    0]
 [  66   78    1    2   16    5    3    0    2    3    2    1    1   12
     1   34    0  191   50    0  366   10    0    4    0    0    1    2]
 [  78    6    1    3   11    0    0    1    1    2    3    0    0    1
     0    7    0   21  453    0  377    6    0    2    0    1    1    0]
 [   1    2    2    5    8    2    3    0    0    1    7    2    2    3
     5    1    0    0    1    2   90    4    0    1    0    0    2    0]
 [ 361  194  139  277  402   85   93  139   58   98  257   73   14   72
    36   93    1   95  104    2 8060  111    7  112    4   18   89   81]
 [  46    5    3   10   35   21    7    6   24    2   16    3    0    5
     2   13    0   10   12    0  485  214    1    5    0    0    1    5]
 [  23    1    2    1    8    2    0    1    1    3    0    0    0    1
     1    2    0    5    0    0   74    3    3    3    0    0    1    0]
 [  30   12    6   22   42    5   10   10    2   13   31    3    2    2
     5    2    0    7    2    0  643    6    0   59    0    2    8   14]
 [   5    1    1    3    9    3    1    0    0    1    0    0    0    1
     0   18    0    7    2    0  107    1    0    0    0    0    0    0]
 [   5    2    1    3    5    1    0    0    1    9    7    1    0    0
     1   13    0    1    2    0  148    3    0    5    0   64   24    2]
 [   8   13    2   25   15   11    2    2    1   37   13    5    1    1
     5    5    0    5    5    1  446    7    0    4    0   30  130    3]
 [  48    7   14   12   15    2    3   12    1    4    9    1    0   14
     3    6    0    3    2    0  440    4    0   16    0    0    5  110]]
                precision    recall  f1-score   support

    admiration       0.46      0.48      0.47      2126
     amusement       0.51      0.46      0.48      1212
         anger       0.36      0.19      0.25      1126
     annoyance       0.19      0.11      0.14      1686
      approval       0.22      0.12      0.15      2304
        caring       0.24      0.10      0.14       672
     confusion       0.30      0.09      0.14      1010
     curiosity       0.36      0.16      0.22      1113
        desire       0.26      0.12      0.16       380
disappointment       0.19      0.08      0.11       907
   disapproval       0.20      0.10      0.14      1523
       disgust       0.31      0.15      0.20       568
 embarrassment       0.34      0.07      0.11       312
    excitement       0.23      0.09      0.12       595
          fear       0.36      0.15      0.22       350
     gratitude       0.74      0.75      0.74      1404
         grief       0.00      0.00      0.00        61
           joy       0.36      0.22      0.28       851
          love       0.54      0.46      0.50       975
   nervousness       0.17      0.01      0.03       144
       neutral       0.39      0.73      0.51     11075
      optimism       0.38      0.23      0.29       931
         pride       0.20      0.02      0.04       135
   realization       0.18      0.06      0.09       938
        relief       0.00      0.00      0.00       160
       remorse       0.41      0.21      0.28       298
       sadness       0.34      0.17      0.22       777
      surprise       0.33      0.15      0.21       731

      accuracy                           0.39     34364
     macro avg       0.31      0.20      0.22     34364
  weighted avg       0.36      0.39      0.34     34364
