Top Multi-Layered Perceptron for emotions with the following parameters: 
{'activation': 'logistic', 'hidden_layer_sizes': (30, 50), 'max_iter': 8, 'solver': 'adam'}
[[1090   24    7    5   59    1    6   16    3    3   11    5    0    0
     4   60    0   47  117    0  588   24    0    0    0    1   11   44]
 [  45  761   15   16   11    0    1    4    1    0    1    4    0    3
     0    4    0   24   15    0  289    4    0    0    0    2    1   11]
 [   8   26  297   76    5    0    9    2    1    3   28   25    0    0
     3    4    0    7   11    0  595    6    0    0    0    4   11    5]
 [  28   59  120  103   31    1   18    7    2    5   62   44    0    1
     7   15    0   12   26    0 1081   14    0    0    0   10   21   19]
 [ 151   48   12   30  215    5   12   14    4    3   69   11    0    0
     4   23    0   30   48    0 1545   35    0    0    0   14   25    6]
 [  14    7    3    9   17   26    1    4    2    2   17    1    1    0
     2   16    0   12   19    0  448   35    0    0    0   14   20    2]
 [  14   11    8   10   15    1  101   54    0    1   31    4    0    0
     5    6    0    1    9    0  709    9    0    0    0    3   11    7]
 [  23   22   15    2   12    0   30  178    2    2   14    4    0    1
     2    6    0    1    7    0  749    6    0    0    0    3    4   30]
 [   8   10    1    4   10    2    1    1   53    1    1    0    0    0
     1    2    0    8   13    0  226   36    0    0    0    1    1    0]
 [  14   14   21   32   29    4    9   10    2   21   55   21    0    1
     9    8    0    3   11    0  543   10    0    0    0   14   68    8]
 [  21   33   33   54   56    1    7    4    2    2  171   26    1    0
     8    7    0    4   12    0 1017   16    0    0    0    9   28   11]
 [   5    9   47   53    9    0    4    1    0    2   28  114    0    0
     8    2    0    2    5    0  256    3    0    0    0    4   12    4]
 [   3    8   16   29    5    0    2    2    0    3   13   10    2    1
     2    4    0    2    2    0  165    5    0    0    0   15   17    6]
 [  81   20    4    4    8    0    2   12    3    1    3    0    0   10
     1   14    0   65   22    0  305   10    0    0    0    0    1   29]
 [   2    5    4   20    3    1    1    3    0    8   13   11    0    0
    88    1    0    1    1    0  142    6    0    0    0    0   31    9]
 [  84    5    1    1    8    3    2    1    2    0    2    0    0    0
     0 1110    0   31   12    0   87   22    0    0    0   23    9    1]
 [   3    0    2    2    0    0    0    0    0    0    2    0    0    0
     1    1    0    0    2    0   40    1    0    0    0    4    3    0]
 [  66  120    3    7   15    0    2    3    2    1    0    1    0    2
     0   35    0  230   68    0  280    7    0    0    0    1    2    6]
 [  61   10    1    1    7    2    2    0    1    0    3    1    0    0
     0    4    0   19  640    0  207    8    0    0    0    4    3    1]
 [   2    3    3    6    3    0    2    1    0    3    3    1    0    0
     5    2    0    0    1    0   91    1    0    0    0    1   15    1]
 [ 318  246  161  159  228   33   61  119   30   27  281   65    2    4
    30   85    0  109  150    0 8623  102    0    1    0   41  121   79]
 [  43    4    1    5   31    7    3    5   27    2   16    1    0    0
     0   16    0   14   18    0  428  298    0    0    0    2    5    5]
 [  25    1    1    1    3    1    0    0    1    0    0    0    0    0
     0    5    0    6    1    0   81    4    0    0    0    0    5    0]
 [  22   17    7   20   29    1    7    7    2    1   29    3    0    1
     5    2    0   10    4    0  714   11    0    0    0    7   17   22]
 [   4    1    0    0    8    2    0    0    0    0    1    1    0    0
     0   17    0    6    3    0  112    1    0    0    0    1    3    0]
 [   0    2    3    3    4    3    0    0    0    3    5    2    0    0
     0    6    0    0    4    0   72    4    0    0    0  155   30    2]
 [  10   10    6   22   14    4    1    1    4    6   26    9    0    0
     2    6    0    5    7    0  353    9    0    0    0   80  197    5]
 [  58   21   17    7    6    0    8   15    0    1    8    6    0    0
     2    4    0    6    8    0  382    4    0    1    0    0    6  171]]
                precision    recall  f1-score   support

    admiration       0.49      0.51      0.50      2126
     amusement       0.51      0.63      0.56      1212
         anger       0.37      0.26      0.31      1126
     annoyance       0.15      0.06      0.09      1686
      approval       0.26      0.09      0.14      2304
        caring       0.27      0.04      0.07       672
     confusion       0.35      0.10      0.16      1010
     curiosity       0.38      0.16      0.23      1113
        desire       0.37      0.14      0.20       380
disappointment       0.21      0.02      0.04       907
   disapproval       0.19      0.11      0.14      1523
       disgust       0.31      0.20      0.24       568
 embarrassment       0.33      0.01      0.01       312
    excitement       0.42      0.02      0.03       595
          fear       0.47      0.25      0.33       350
     gratitude       0.76      0.79      0.77      1404
         grief       0.00      0.00      0.00        61
           joy       0.35      0.27      0.31       851
          love       0.52      0.66      0.58       975
   nervousness       0.00      0.00      0.00       144
       neutral       0.43      0.78      0.55     11075
      optimism       0.43      0.32      0.37       931
         pride       0.00      0.00      0.00       135
   realization       0.00      0.00      0.00       938
        relief       0.00      0.00      0.00       160
       remorse       0.38      0.52      0.44       298
       sadness       0.29      0.25      0.27       777
      surprise       0.35      0.23      0.28       731

      accuracy                           0.43     34364
     macro avg       0.31      0.23      0.24     34364
  weighted avg       0.37      0.43      0.36     34364
