Top Multi-Layered Perceptron for emotions from the embedded Reddit posts with the following parameters: 
[[  789    43     2     0     0     3     0     2     0     0     0     1
      0     1     0    83     0    25    72     0  1088    11     0     0
      0     0     5     0]
 [   39   411     8     1     0     0     0     0     0     0     0     3
      0     0     0    11     0    10     9     0   711     0     0     0
      0     1     6     0]
 [    5    24   105    11     0     0     0     3     0     0     0    13
      0     0     0     2     0     0    11     0   930     0     0     0
      0     1    20     0]
 [   14    45    40     9     0     1     0     3     0     0     0    14
      0     0     1    13     0     2     7     0  1507     4     0     0
      0     5    19     0]
 [  117    37     4     1     2     3     0     4     0     0     1     2
      0     0     0    35     0     5    27     0  2034    12     0     0
      0     3    16     0]
 [   21     5     0     1     0    21     0     2     0     0     0     0
      0     0     0    21     0     3     8     0   558    15     0     0
      0     5    12     0]
 [    6     6     5     0     0     0     2    29     0     0     0     5
      0     0     0     5     0     1     5     0   940     0     0     0
      0     2     4     0]
 [    8    17     5     0     0     0     1    82     1     0     0     0
      0     0     0     8     0     1     4     0   982     0     0     0
      0     0     2     0]
 [    9     5     0     0     0     1     0     2     1     0     0     0
      0     0     0     6     0     2    13     0   316    20     0     0
      0     0     5     0]
 [   14    20     5     6     0     0     0     0     0     0     0     8
      0     0     0     6     0     0     2     0   792     1     0     0
      0     5    48     0]
 [   19    36     9     2     0     0     0     3     0     0     0     9
      0     0     0     6     0     1     8     0  1417     2     0     0
      0     2     9     0]
 [   10    11    17     3     0     0     0     0     0     0     0    29
      0     0     0     1     0     0     2     0   482     0     0     0
      0     0    13     0]
 [    5    13     1     2     0     0     0     0     0     0     0     3
      0     0     0     1     0     0     1     0   259     0     0     0
      0     2    25     0]
 [   40    15     5     1     1     0     0     1     0     0     0     1
      0     4     0    20     0    41    12     0   446     5     0     0
      0     0     3     0]
 [    2     3     2     0     0     1     0     2     0     0     0    17
      0     0     1     0     0     0     0     0   285     0     0     0
      0     0    37     0]
 [   66    14     0     0     0     4     0     0     0     0     0     0
      0     2     0  1013     0    10     5     0   266    13     0     0
      0     5     6     0]
 [    1     0     0     0     0     0     0     0     0     0     0     0
      0     0     0     1     0     0     0     0    50     0     0     0
      0     3     6     0]
 [   74    75     1     0     0     0     0     0     0     0     0     0
      0     4     0    52     0    75    36     0   519     9     0     0
      0     2     4     0]
 [   54    15     2     0     0     0     0     0     0     0     0     0
      0     1     0    11     0     8   430     0   449     2     0     0
      0     0     3     0]
 [    1     1     1     0     0     1     0     0     0     0     0     1
      0     0     0     0     0     0     0     0   123     0     0     0
      0     0    16     0]
 [  254   175    46     9     2    12     0    77     0     0     3    31
      0     2     2    92     0    29    78     0 10172    22     0     0
      0     2    59     0]
 [   35     6     0     0     0     7     0     0     0     0     0     0
      0     0     0    54     0     7     8     0   738    68     0     0
      0     0     8     0]
 [   11     1     1     0     0     0     0     0     0     0     0     0
      0     0     0    11     0     2     3     0   106     0     0     0
      0     0     0     0]
 [   19    16     1     0     0     0     0     1     0     0     1     1
      0     1     0     7     0     5     2     0   876     0     0     0
      0     0     8     0]
 [   10     2     0     0     0     0     0     0     0     0     0     0
      0     0     0    14     0     2     2     0   129     0     0     0
      0     0     1     0]
 [    3     2     2     0     0     0     0     0     0     0     0     0
      0     0     0    10     0     0     1     0   192     1     0     0
      0    42    45     0]
 [    3    12     7     0     0     1     0     1     0     0     0     5
      0     0     0     4     0     4     3     0   608     7     0     0
      0    13   109     0]
 [   24    28     5     2     0     0     0     4     0     0     0     2
      0     3     0     6     0     3     5     0   643     0     0     0
      0     0     5     0]]
                precision    recall  f1-score   support

    admiration       0.48      0.37      0.42      2125
     amusement       0.40      0.34      0.37      1210
         anger       0.38      0.09      0.15      1125
     annoyance       0.19      0.01      0.01      1684
      approval       0.40      0.00      0.00      2303
        caring       0.38      0.03      0.06       672
     confusion       0.67      0.00      0.00      1010
     curiosity       0.38      0.07      0.12      1111
        desire       0.50      0.00      0.01       380
disappointment       0.00      0.00      0.00       907
   disapproval       0.00      0.00      0.00      1523
       disgust       0.20      0.05      0.08       568
 embarrassment       0.00      0.00      0.00       312
    excitement       0.22      0.01      0.01       595
          fear       0.25      0.00      0.01       350
     gratitude       0.68      0.72      0.70      1404
         grief       0.00      0.00      0.00        61
           joy       0.32      0.09      0.14       851
          love       0.57      0.44      0.50       975
   nervousness       0.00      0.00      0.00       144
       neutral       0.37      0.92      0.53     11067
      optimism       0.35      0.07      0.12       931
         pride       0.00      0.00      0.00       135
   realization       0.00      0.00      0.00       938
        relief       0.00      0.00      0.00       160
       remorse       0.45      0.14      0.21       298
       sadness       0.22      0.14      0.17       777
      surprise       0.00      0.00      0.00       730

      accuracy                           0.39     34346
     macro avg       0.26      0.13      0.13     34346
  weighted avg       0.34      0.39      0.28     34346
