0 0 0 .ZZ.....BC..AABC...DD...............
1 1 0 ZZ......BC..AABC...DD...............
1 1 0 ..ZZ....BC..AABC...DD...............
1 1 0 ...ZZ...BC..AABC...DD...............
1 1 0 .ZZC....BC..AAB....DD...............
1 1 0 .ZZ.....B...AABC...DDC..............
1 1 0 .ZZ.....B...AAB....DDC.....C........
1 1 0 .ZZ.....BC..AABC..DD................
1 1 0 .ZZ.....BC..AABC....DD..............
1 1 0 .ZZ.....BC..AABC.....DD.............
2 2 0 ZZB.....BC..AA.C...DD...............
2 2 0 ZZ.C....BC..AAB....DD...............
2 2 0 ZZ......B...AABC...DDC..............
2 2 0 ZZ......B...AAB....DDC.....C........
2 2 0 ZZ......BC..AABC..DD................
2 2 0 ZZ......BC..AABC....DD..............
2 2 0 ZZ......BC..AABC.....DD.............
2 2 0 ..ZZ....B...AABC...DDC..............
2 2 0 ..ZZ....B...AAB....DDC.....C........
2 2 0 ..ZZ....BC..AABC..DD................
2 2 0 ..ZZ....BC..AABC....DD..............
2 2 0 ..ZZ....BC..AABC.....DD.............
2 2 0 ..BZZ...BC..AA.C...DD...............
2 2 0 ...ZZ...B...AABC...DDC..............
2 2 0 ...ZZ...B...AAB....DDC.....C........
2 2 0 ...ZZ...BC..AABC..DD................
2 2 0 ...ZZ...BC..AABC....DD..............
2 2 0 ...ZZ...BC..AABC.....DD.............
2 2 0 .ZZC....BC..AAB...DD................
2 2 0 .ZZC....BC..AAB.....DD..............
2 2 0 .ZZC....BC..AAB......DD.............
2 2 0 .ZZ.....B...AABC..DD.C..............
2 2 0 .ZZ.....B...AAB...DD.C.....C........
2 2 0 .ZZ......C..AABC..DDB...............
2 2 0 .ZZ......C..AA.C..DDB.....B.........
2 2 0 .ZZ......C..AABC....BDD.............
2 2 0 .ZZ......C..AA.C....BDD...B.........
3 3 0 ZZBC....BC..AA.....DD...............
3 3 0 ZZB.....B...AA.C...DDC..............
3 3 0 ZZB.....B...AA.....DDC.....C........
3 3 0 ZZB.....BC...AAC...DD...............
3 3 0 ZZB.....BC..AA.C..DD................
3 3 0 ZZB.....BC..AA.C....DD..............
3 3 0 ZZB.....BC..AA.C.....DD.............
3 3 0 ZZ.C....BC..AAB...DD................
3 3 0 ZZ.C....BC..AAB.....DD..............
3 3 0 ZZ.C....BC..AAB......DD.............
3 3 0 ZZ......B...AABC..DD.C..............
3 3 0 ZZ......B...AAB...DD.C.....C........
3 3 0 ZZ.......C..AABC..DDB...............
3 3 0 ZZ.......C..AA.C..DDB.....B.........
3 3 0 ZZ.......C..AABC....BDD.............
3 3 0 ZZ.......C..AA.C....BDD...B.........
3 3 0 ..ZZ....B...AABC..DD.C..............
3 3 0 ..ZZ....B...AAB...DD.C.....C........
3 3 0 ..ZZ.....C..AABC..DDB...............
3 3 0 ..ZZ.....C..AA.C..DDB.....B.........
3 3 0 ..ZZ.....C..AABC....BDD.............
3 3 0 ..ZZ.....C..AA.C....BDD...B.........
3 3 0 ..BZZ...B...AA.C...DDC..............
3 3 0 ..BZZ...B...AA.....DDC.....C........
3 3 0 ..BZZ...BC...AAC...DD...............
3 3 0 ..BZZ...BC..AA.C..DD................
3 3 0 ..BZZ...BC..AA.C....DD..............
3 3 0 ..BZZ...BC..AA.C.....DD.............
3 3 0 ...ZZ...B...AABC..DD.C..............
3 3 0 ...ZZ...B...AAB...DD.C.....C........
3 3 0 ...ZZ....C..AABC..DDB...............
3 3 0 ...ZZ....C..AA.C..DDB.....B.........
3 3 0 ...ZZ....C..AABC....BDD.............
3 3 0 ...ZZ....C..AA.C....BDD...B.........
3 3 0 .ZZC.....C..AAB...DDB...............
3 3 0 .ZZC.....C..AA....DDB.....B.........
3 3 0 .ZZC.....C..AAB.....BDD.............
3 3 0 .ZZC.....C..AA......BDD...B.........
3 3 0 .ZZ.........AABC..DDBC..............
3 3 0 .ZZ.........AA.C..DDBC....B.........
3 3 0 .ZZ.........AAB...DDBC.....C........
3 3 0 .ZZ.........AA....DDBC....BC........
3 3 0 .ZZ......C...AAC..DDB.....B.........
3 3 0 .ZZ......C...AAC....BDD...B.........
4 4 0 ZZBC....BC...AA....DD...............
4 4 0 ZZBC....BC....AA...DD...............
4 4 0 ZZBC....BC.....AA..DD...............
4 4 0 ZZBC....BC......AA.DD...............
