Base Multinomial Naive Bayes for emotions with alpha=1 
[[ 922   14    1    7   45    4    0    8    0    2    6    0    0    2
     0   54    0   21   48    0  964    9    0    3    0    0    2   14]
 [  40  346    1   14   19    0    0    5    1    0    3    0    0    1
     0    6    0   11    8    0  745    3    0    0    0    0    4    5]
 [  12   14  147   64   15    1    1    3    1    3   22    8    0    1
     0    1    0    1    2    0  821    1    0    1    0    2    2    3]
 [  32   26   42  115   30    3    6    7    0    7   30    8    0    4
     0   15    0    4    3    0 1333    5    0    4    1    1    4    6]
 [ 107   23    4   26  192    7    6    8    3    6   29    2    0    6
     0   16    0    6   18    0 1808   19    0   12    0    0    4    2]
 [  19    1    1    5   11   36    1    4    1    1    3    0    0    0
     0   16    0    3    5    0  553   10    0    0    0    0    2    0]
 [  10    2    2    8   19    1   51   22    1    3    9    0    0    0
     0    3    0    0    4    0  860    6    0    5    0    0    1    3]
 [  16    5    4    8   18    2   14  124    3    0    9    0    0    1
     0    4    0    0    3    0  891    2    0    3    0    1    0    5]
 [   9    5    1    4    7    1    2    1   19    0    2    1    0    0
     0    2    0    4    3    0  308   10    0    0    0    0    0    1]
 [  21    7    6   24   19    0    5    3    0   39   17    6    0    1
     1    4    0    2    3    0  728    3    0    4    0    3    9    2]
 [  16   12    7   32   36    1    3    3    0    7  124    4    0    1
     0    8    0    2    2    0 1248    1    0    6    0    1    7    2]
 [  10    2   10   34   11    0    2    0    1    3   13   46    1    0
     1    1    0    1    3    0  423    1    0    0    0    1    4    0]
 [  11    3    4   12    3    0    0    1    0    2    4    2    4    0
     0    2    0    0    0    0  255    0    0    5    0    1    3    0]
 [  54    8    3    6   14    0    2    8    0    0    3    0    0   29
     0   15    0   41   12    0  383    6    0    3    0    0    1    7]
 [   9    1    2    9    7    0    0    4    1    1    2    3    0    0
    10    0    0    0    0    0  291    2    0    2    0    0    4    2]
 [  84    5    0    0    8    5    1    1    0    2    4    0    0    1
     0  940    0   15    3    0  324    7    0    0    0    0    2    2]
 [   1    0    0    2    2    0    0    2    0    1    0    0    0    0
     0    2    0    0    0    0   47    1    0    0    0    0    3    0]
 [  60   49    1    0   15    1    0    0    0    2    0    0    0    5
     0   34    0  102   30    0  542    6    0    4    0    0    0    0]
 [  75    5    1    1   10    0    0    0    0    1    2    0    0    0
     0    6    0    9  310    0  552    2    0    1    0    0    0    0]
 [   1    1    0    2    4    1    1    0    0    1    1    1    0    1
     1    1    0    1    0    0  123    1    0    1    0    0    1    1]
 [ 298  108   69  182  260   46   39   80   18   40  165   27    2   21
     6   75    0   53   62    0 9384   33    0   53    0    3   25   26]
 [  45    4    1    6   23    7    0    3    8    0   12    1    0    0
     1   14    0    2    3    0  688  112    0    0    0    0    1    0]
 [  22    1    1    2    3    0    0    1    0    1    0    0    0    0
     0    1    0    3    0    0   98    0    0    2    0    0    0    0]
 [  22   10    3    9   25    1    7    5    0    2   12    0    0    0
     2    3    0    5    3    0  795    2    0   24    0    0    2    6]
 [   8    1    0    0   10    0    0    0    0    1    0    0    0    0
     0   11    0    3    1    0  124    1    0    0    0    0    0    0]
 [   1    1    0    4    3    1    0    0    0    3    4    0    0    0
     0   20    0    0    1    0  223    0    0    3    0   15   19    0]
 [   5    8    1   16   11    3    1    3    0   12    4    1    0    0
     1    6    0    1    3    0  628    4    0    0    0    5   63    1]
 [  42    4   11    7   12    2    2   10    1    1    6    0    0    3
     0    5    0    2    2    0  561    3    0    9    0    0    2   46]]
                precision    recall  f1-score   support

    admiration       0.47      0.43      0.45      2126
     amusement       0.52      0.29      0.37      1212
         anger       0.46      0.13      0.20      1126
     annoyance       0.19      0.07      0.10      1686
      approval       0.23      0.08      0.12      2304
        caring       0.29      0.05      0.09       672
     confusion       0.35      0.05      0.09      1010
     curiosity       0.41      0.11      0.17      1113
        desire       0.33      0.05      0.09       380
disappointment       0.28      0.04      0.07       907
   disapproval       0.26      0.08      0.12      1523
       disgust       0.42      0.08      0.14       568
 embarrassment       0.57      0.01      0.03       312
    excitement       0.38      0.05      0.09       595
          fear       0.43      0.03      0.05       350
     gratitude       0.74      0.67      0.70      1404
         grief       0.00      0.00      0.00        61
           joy       0.35      0.12      0.18       851
          love       0.58      0.32      0.41       975
   nervousness       0.00      0.00      0.00       144
       neutral       0.37      0.85      0.51     11075
      optimism       0.45      0.12      0.19       931
         pride       0.00      0.00      0.00       135
   realization       0.17      0.03      0.04       938
        relief       0.00      0.00      0.00       160
       remorse       0.45      0.05      0.09       298
       sadness       0.38      0.08      0.13       777
      surprise       0.34      0.06      0.11       731

      accuracy                           0.38     34364
     macro avg       0.34      0.14      0.16     34364
  weighted avg       0.37      0.38      0.31     34364
