Base Multi-Layered Perceptron for emotions from the embedded Reddit posts with defaut parameters 
[[ 993   17    5    5   19   18    0   21    4    8    3    4    1   18
     9  103    0   21   78    0  754   16    2    1    6    0    3   11]
 [  64  335    8    8    3    5    4   17    2    3   10    2    2    2
     5   31    0   35   19    0  629    4    0    1    0    0   14    6]
 [  22   18  155   46    6   11    4   17    2   10   23   31    1    4
     8   20    0    1    9    0  685    3    0    0    0    3   11    9]
 [  45   28   74   76    8   11    7   45    1   18   34   26    5    4
    15   29    1    7   15    2 1189    9    0    2    0    3   19    9]
 [ 185   30    8   20   75   24    5   32    4    8   38    8    1   12
    12   57    0   12   34    1 1674   31    0    1    5    3   13    5]
 [  31    1    5    1    3   88    1    8    3    5    8    0    0    0
    15   43    0    3   10    1  399   20    0    0    3    6   16    1]
 [  12    7    3    2    4    2   66  174    1    5   23    4    1    1
     5    7    0    2    5    2  664    2    0    3    0    0    7    5]
 [  11    6    5    4    3    3   23  398    2    1    3    0    2    5
     3   14    0    0    5    0  608    3    0    2    0    2    1    7]
 [  16    5    1    0    2    4    1    5   61    0    1    1    0    4
     3    8    0    3   18    0  221   18    0    0    0    1    1    2]
 [  34    9   10   13    1   11    3   20    3   43   33   14    3    3
    12   15    1    1    6    1  615    9    0    2    1    7   30    5]
 [  24   20   21   10   13   14    7   21    1   12  128   19    2    1
     9   19    0    3   10    0 1149    7    0    2    0    5   17    6]
 [   9    5   17   13    1    1    0    8    1   10    5   76    1    0
    13    3    0    0    4    1  380    3    0    0    0    1    8    5]
 [  13    7    5    8    1    1    2    0    2    2    3    5   21    0
     4    4    0    0    2    0  219    2    0    2    0    3    3    3]
 [  58    6    3    3    3    2    0    9    4    1    2    0    0   69
     1   30    0   20   20    0  346    7    0    0    0    1    1    9]
 [  11    5    1    1    0    5    0    3    0    2    2    8    0    0
   115    2    1    0    0    2  179    3    0    0    0    0    6    2]
 [ 110    8    1    3    4   23    1    9    1    0    5    1    0    6
     2  833    0    7   18    0  329   19    0    2    1   10    7    2]
 [   2    0    1    0    0    1    0    0    0    1    1    0    0    0
     2    1    1    0    0    0   43    0    0    0    0    2    5    1]
 [  88   57    4    1    2    7    0    8    4    3    5    0    0   15
     4   89    0   91   58    0  394    4    1    0    7    0    1    5]
 [ 100   11    3    2    5    6    1    8    2    3    2    0    0    2
     2   23    0   14  475    0  300    4    0    0    0    1    7    0]
 [   1    2    2    4    0    2    0    0    0    1    1    1    1    0
    11    2    0    0    0   16   91    0    0    1    1    1    5    0]
 [ 455  137   82   76   67   94   43  344   37   64  184   62    4   46
    89  211    6   36  110   12 8595   71    2    8   12   17   72   36]
 [  57    2    2    2    8   30    3   11   20    6    7    1    0    3
     4   48    0   18   12    1  539  143    0    0    1    1    5    5]
 [  17    1    0    1    0    5    0    1    1    1    0    0    0    0
     0    7    0    4    2    0   86    1    4    1    0    0    3    0]
 [  26   11    5    4    6    1    2   13    3    5   20    4    1    1
     9   20    0    5    1    0  760    2    0   14    0    8   10    6]
 [   4    1    0    0    1    6    0    0    0    0    1    1    1    0
     2   12    0    5    1    0  116    3    0    0    5    0    1    0]
 [  11    0    3    0    3    5    1    5    0    5    4    1    0    0
     3   15    0    0    2    0  146    5    0    3    0   64   19    1]
 [  13    8    5    7    3   13    2    9    2   16   13   11    0    0
    16   19    3    3    6    1  444    9    0    2    0   35  133    3]
 [  39   10    8    4    1    0    4   36    1    6   10    4    1    6
     6   21    1    1    4    0  478    5    0    6    0    0    3   75]]
                precision    recall  f1-score   support

    admiration       0.41      0.47      0.43      2120
     amusement       0.45      0.28      0.34      1209
         anger       0.35      0.14      0.20      1099
     annoyance       0.24      0.05      0.08      1682
      approval       0.31      0.03      0.06      2298
        caring       0.22      0.13      0.17       671
     confusion       0.37      0.07      0.11      1007
     curiosity       0.33      0.36      0.34      1111
        desire       0.38      0.16      0.23       376
disappointment       0.18      0.05      0.08       905
   disapproval       0.22      0.08      0.12      1520
       disgust       0.27      0.13      0.18       565
 embarrassment       0.44      0.07      0.12       312
    excitement       0.34      0.12      0.17       595
          fear       0.30      0.33      0.32       348
     gratitude       0.49      0.59      0.54      1402
         grief       0.07      0.02      0.03        61
           joy       0.31      0.11      0.16       848
          love       0.51      0.49      0.50       971
   nervousness       0.40      0.11      0.17       143
       neutral       0.39      0.78      0.52     10972
      optimism       0.35      0.15      0.21       929
         pride       0.44      0.03      0.06       135
   realization       0.26      0.01      0.03       937
        relief       0.12      0.03      0.05       160
       remorse       0.37      0.22      0.27       296
       sadness       0.32      0.17      0.22       776
      surprise       0.34      0.10      0.16       730

      accuracy                           0.38     34178
     macro avg       0.33      0.19      0.21     34178
  weighted avg       0.35      0.38      0.32     34178
