Base Decision Tree for emotions with alpha=1 
[[1163   45   14   42  136   30   22   26   12   13   19    8    4   40
     5   73    0   57   87    3  246   34   12   13    3    2    1   16]
 [  72  694   14   48   41   10   19   13    5   15   12    8    3   13
     1    7    1   48    9    1  154    6    0    6    0    0    3    9]
 [  22   35  425  173   43   12   17   10    6   23   51   36    3    8
    10    1    1    7    5    0  210    3    0    7    0    2    7    9]
 [  51   73  205  373  114   38   52   43   14   66  114   39   17   11
     9   12    1    9   19    5  356   10    0   19    2    6   14   14]
 [ 221   59   57  127  592   70   39   26   26   50   80   19   15   20
    14   21    1   44   33    2  686   30    3   30    7    4   10   18]
 [  37   12   20   43   78  169    7    8   11   17   13    2    4    2
    10   16    3   14   11    2  153   19    0    4    1    6    9    1]
 [  17   21   28   52   64   14  304  145    4   15   46    6    4    7
     6    3    0    0   10    2  242    5    0    7    0    2    2    4]
 [  19   19   28   50   47   16  144  404   10   10   21    2    2   18
     1    5    0    0    3    1  279    5    0    6    0    3    2   18]
 [  19   10    7   19   46   11    4    6  102    7   15    2    2    8
     0    3    0    4    9    2   78   21    0    1    1    0    3    0]
 [  25   24   59   99   44   26   29   23   10  153   63   21   13    3
    10    7    4    1    6    9  209    5    0   12    0   13   35    4]
 [  35   42  106  141  131   29   50   21   10   78  368   18   16    8
     9    6    1    8    3    7  376    9    0   13    0    9   18   11]
 [  10   16   74   82   25    8   14    8    3   26   33  113   10    1
    10    3    1    4    4    1  104    0    0    4    0    3   10    1]
 [   8   12   19   49   26    2    5    7    3   12   18    9   57    0
     2    0    0    4    2    3   56    2    0    3    0    5    6    2]
 [  74   27    9   28   47    5   12   26   18    6    8    2    2  117
     3    7    0   35   15    0  117   11    2    2    1    0    2   19]
 [  11    7   18   21   15    9    4    7    3   12    7   17    2    1
   123    2    1    4    1    1   64    4    0    3    1    0    8    4]
 [ 125   13    2   22   31   17    5    5    6    9   13    0    2   15
     0 1013    1   23   10    2   54    9    2    4    1   10    7    3]
 [   2    0    4    6    3    0    3    1    0    6    0    1    0    0
     2    0    9    0    1    1   14    2    0    0    0    1    4    1]
 [  99  112    7   20   56   15    5    8    7   12    7    2    3   50
     1   27    0  224   46    2  116   11    3    1    9    0    2    6]
 [ 121   14    4   18   56   13   10    8    9    9    7    4    2   15
     2    6    0   48  511    1  103   10    0    2    0    1    1    0]
 [   2    5    8   15   14    8    3    2    0    8    5    4    3    0
    10    0    0    0    2   14   32    1    0    1    0    1    5    1]
 [ 532  327  414  712 1138  243  369  365  161  288  576  131   53  153
    81   82   16  165  129   37 4666  105   14  131   16   27   71   73]
 [  65   15   15   41   97   53   20   18   66   16   31    9    4   12
     5   14    0   17    5    1  211  197    2    8    1    2    3    3]
 [  34    1    5    6   13    5    2    1    1    5    0    1    0    1
     1    3    1    7    0    0   36    2    7    3    0    0    0    0]
 [  48   29   34   64  103   14   32   22   11   36   47   12    6    4
     9    6    2   17    3    6  333    4    1   66    0    6    8   15]
 [  12    3    3    7   28   10    3    0    2   10    3    0    0    2
     0   10    1   16    1    0   37    4    0    0    8    0    0    0]
 [   4    5    4   18   11    9    3    5    0   16   15    1   10    0
     1   13    1    1    2    2   43    1    0    9    2   93   28    1]
 [  15   17   27   64   46   27   12    7    5   76   33   13   16    6
     9    1    7   10    6    9  166    3    1   13    1   52  133    2]
 [  62   28   33   35   37    5   26   40    5   29   20    8    7   27
     6    3    0    9    4    2  179    8    0   16    2    1    3  136]]
                precision    recall  f1-score   support

    admiration       0.40      0.55      0.46      2126
     amusement       0.42      0.57      0.48      1212
         anger       0.26      0.38      0.31      1126
     annoyance       0.16      0.22      0.18      1686
      approval       0.19      0.26      0.22      2304
        caring       0.19      0.25      0.22       672
     confusion       0.25      0.30      0.27      1010
     curiosity       0.32      0.36      0.34      1113
        desire       0.20      0.27      0.23       380
disappointment       0.15      0.17      0.16       907
   disapproval       0.23      0.24      0.23      1523
       disgust       0.23      0.20      0.21       568
 embarrassment       0.22      0.18      0.20       312
    excitement       0.22      0.20      0.21       595
          fear       0.36      0.35      0.36       350
     gratitude       0.75      0.72      0.74      1404
         grief       0.17      0.15      0.16        61
           joy       0.29      0.26      0.28       851
          love       0.55      0.52      0.53       975
   nervousness       0.12      0.10      0.11       144
       neutral       0.50      0.42      0.46     11075
      optimism       0.38      0.21      0.27       931
         pride       0.15      0.05      0.08       135
   realization       0.17      0.07      0.10       938
        relief       0.14      0.05      0.07       160
       remorse       0.37      0.31      0.34       298
       sadness       0.34      0.17      0.23       777
      surprise       0.37      0.19      0.25       731

      accuracy                           0.36     34364
     macro avg       0.29      0.28      0.27     34364
  weighted avg       0.37      0.36      0.36     34364
