Top Decision Tree for emotions with alpha=1 
[[ 957   28    9   19   35    6    6   18    7    5    1    1    1   16
     3   42    0   42   95    0  756   25   11    6    0    0    6   31]
 [  50  696    6   24   11    4    7    2    1    6    0    6    3    5
     0    6    0   17   10    0  334    4    0    2    0    2    1   15]
 [  13   17  248   54   10    6    6    1    4   10   15   22    2    4
     3    1    0    2   10    0  673    2    1    0    1    4    7   10]
 [  42   50   78   96   21    8   13    9    8    5   28   32   12    3
    12   18    1    4   18    0 1178    9    3    6    1    7   10   14]
 [ 136   42   15   26  103   15    9   19    6    6   21    8    4    8
    10   15    0   19   34    4 1749   19    0    9    1    8    9    9]
 [  26   10    5   13   10   41    4    3    4    1    5    1    1    1
     6   14    0    9   11    6  461   19    0    0    0   14    6    1]
 [  12   13   10   12   14    3   83   13    2    4    8    3    0    4
     5    4    0    3   12    1  785    4    0    3    0    5    1    6]
 [  17   19   15   11    9    1   16  110    5    3    4    6    2    4
     1    6    0    1    6    1  848    1    0    1    0    4    3   19]
 [  10    7    1    3    5    5    1    2   62    3    4    0    0    2
     0    4    0    2   13    0  239   15    0    0    1    0    1    0]
 [  22   17   15   17    4    4    7    4    3   43   13   11    5    2
     7    6    0    1    9    6  651    9    1    1    0   13   32    4]
 [  35   35   35   35   27    7   14    3    3    8   66    8    2    1
     8    6    0    3   12    0 1178    8    1    5    0    6   10    7]
 [   9   10   36   33   10    2    5    2    2    7   12   96    8    1
     9    3    0    2    4    0  306    0    0    2    0    3    5    1]
 [   7    9    8   16    4    1    0    2    1    3    2    3   40    0
     1    1    0    2    2    0  191    3    0    0    0    6    4    6]
 [  56   14    0    7    6    1    2   18    6    1    3    0    0   59
     1    7    0   15   19    0  343   11    0    0    0    0    0   26]
 [   4    8    8    5    5    2    0    2    2    1    1    8    1    1
   104    0    1    0    0    7  175    2    0    2    0    0    7    4]
 [ 107    5    0   14   10   15    1    1    1    4    5    0    1   12
     0 1019    1   19   14    0  124   15    1    2    3   22    4    4]
 [   3    0    0    3    0    0    0    0    0    2    0    0    1    0
     0    0    2    0    2    0   43    1    0    0    0    3    1    0]
 [  68  100    3    8   17    5    2    3    4    1    3    3    0   30
     1   23    0  182   51    0  316   14    1    1    6    0    1    8]
 [  54   13    5    4    8    3    2    3    1    1    4    0    0    3
     0    4    0    8  598    0  252    8    0    0    0    2    2    0]
 [   3    1    6    1    2    1    0    0    0    3    1    1    2    0
     5    0    0    0    1    7  105    1    0    0    0    0    4    0]
 [ 334  229  118  127  116   51   50   59   47   46   90   54   17   31
    40   63    0   56  131    5 9168   69    6   24    3   29   40   72]
 [  53    8    8   14   13   23    4    6   38    1    2    2    1    1
     0   12    0   17    9    0  471  238    0    2    0    3    1    4]
 [  15    1    1    1    1    2    0    0    1    3    1    0    0    0
     1    5    0    6    1    0   83    0   11    2    0    0    0    0]
 [  22   13   11   14   12    4    9    5    3    5   10    8    1    1
     4    4    0    7    4    1  741    3    0   26    0    4    6   20]
 [  13    2    0    2    4    7    2    0    0    1    0    0    0    1
     1    9    0    6    1    0  108    1    0    0    1    0    1    0]
 [   2    2    3    3    2    2    1    1    0    1    3    2    3    0
     0    1    0    0    3    1  105    3    1    3    0  138   18    0]
 [  13   10    3   13    9    3    3    2    2   18    8    4    6    0
     5    0    3    2    8    3  446    4    1    1    0   77  129    4]
 [  34   13   15   12    5    2    7   14    3    2    6    2    0    8
     3    3    0    1    2    0  432    4    0    5    0    0    1  157]]
                precision    recall  f1-score   support

    admiration       0.45      0.45      0.45      2126
     amusement       0.51      0.57      0.54      1212
         anger       0.37      0.22      0.28      1126
     annoyance       0.16      0.06      0.08      1686
      approval       0.22      0.04      0.07      2304
        caring       0.18      0.06      0.09       672
     confusion       0.33      0.08      0.13      1010
     curiosity       0.36      0.10      0.16      1113
        desire       0.29      0.16      0.21       380
disappointment       0.22      0.05      0.08       907
   disapproval       0.21      0.04      0.07      1523
       disgust       0.34      0.17      0.23       568
 embarrassment       0.35      0.13      0.19       312
    excitement       0.30      0.10      0.15       595
          fear       0.45      0.30      0.36       350
     gratitude       0.80      0.73      0.76      1404
         grief       0.25      0.03      0.06        61
           joy       0.43      0.21      0.29       851
          love       0.55      0.61      0.58       975
   nervousness       0.17      0.05      0.08       144
       neutral       0.41      0.83      0.55     11075
      optimism       0.48      0.26      0.33       931
         pride       0.29      0.08      0.13       135
   realization       0.25      0.03      0.05       938
        relief       0.06      0.01      0.01       160
       remorse       0.39      0.46      0.43       298
       sadness       0.42      0.17      0.24       777
      surprise       0.37      0.21      0.27       731

      accuracy                           0.42     34364
     macro avg       0.34      0.22      0.24     34364
  weighted avg       0.38      0.42      0.35     34364
