Top Multi-Layered Perceptron for emotions from the embedded Reddit posts with the following parameters: 
{'activation': 'relu', 'hidden_layer_sizes': (30, 50), 'max_iter': 8, 'solver': 'adam'}
[[ 947   31    6    4    8   12    0    2    1    1    2    2    0    6
     1   69    0   19  113    0  842   22    0    0    0    0   15   22]
 [  48  483    8    4    2    1    0    0    1    0    3    2    0    1
     2    7    0   10   13    0  609    3    0    0    0    1    6    6]
 [  11   19  174   19    0    2    1    1    2    1    3   15    0    0
     1    4    0    0   13    0  844    2    0    0    0    3    9    1]
 [  34   40   60   28    0    3    1    4    0    3    7   17    0    0
     4   14    0    2   15    0 1408    5    0    0    0    5   24   10]
 [ 159   43    9    5   54    7    0    4    2    0   25    3    0    0
     2   24    0   12   34    0 1863   26    0    0    0   11   17    3]
 [  29    3    3    0    1   45    0    0    1    0    2    0    0    0
     0   12    0    1   12    0  512   25    0    0    0    7   19    0]
 [  14    6    7    1    4    0   22   28    1    0    3    2    0    1
     3    5    0    3    6    0  882    3    0    0    0    2    9    8]
 [  21   15   10    0    2    0   11   88    2    0    1    2    0    0
     1    9    0    0    5    0  923    3    0    0    0    2    4   12]
 [  13    6    1    0    2    1    0    2   36    1    0    0    0    0
     1    3    0    2   16    0  267   25    0    0    0    0    4    0]
 [  25   18   13    4    1    1    0    0    2    0    6   10    0    0
     0    6    0    1    6    0  737    5    0    0    0   17   46    9]
 [  31   31   18    3    5    2    4    2    1    1   49    8    0    0
     2    9    0    2   10    0 1316    7    0    0    0    3   16    3]
 [   9    6   31    4    0    0    0    0    0    0    1   44    0    0
     3    1    0    1    1    0  454    2    0    0    0    2    7    2]
 [  10   10    5    2    0    0    0    0    1    1    0    4    0    0
     2    2    0    0    3    0  244    2    0    0    0    7   17    2]
 [  55   12    7    3    2    1    2    3    2    1    0    1    0   21
     0   15    0   27   19    0  388    8    0    0    0    0    3   25]
 [   4    4    1    1    0    2    0    0    0    0    2   13    0    0
    39    0    0    0    0    0  261    3    0    0    0    0   16    4]
 [  76    5    1    1    0   10    0    1    0    0    1    0    0    4
     0 1039    0   12   10    0  205   15    0    0    0   17    7    0]
 [   2    0    0    0    0    1    0    0    0    0    0    0    0    0
     2    0    0    0    0    0   48    0    0    0    0    3    5    0]
 [  83   80    3    0    2    2    2    2    1    0    1    0    0   12
     1   43    0  108   48    0  427   18    0    0    0    1   10    7]
 [  67    8    1    0    1    2    0    0    2    0    0    0    0    1
     0    8    0   10  551    0  308    5    0    0    0    1   10    0]
 [   2    1    0    0    0    1    0    0    0    0    0    1    0    0
    11    0    0    0    0    0  119    0    0    0    0    0    8    1]
 [ 348  205   87   18   45   33   13   68   20    4   58   30    0    7
    21   76    0   32  101    0 9703   71    0    0    0   21   76   30]
 [  46    8    1    0    3   11    0    1    8    0    2    0    0    1
     1   15    0    6   15    0  617  187    0    0    0    1    6    2]
 [  18    1    2    0    0    1    1    0    1    0    0    0    0    0
     0    9    0    2    3    0   95    0    0    0    0    1    1    0]
 [  26   18    4    0    1    2    1    2    2    0    8    1    0    0
     4    5    0    1    3    0  835    2    0    0    0    5    8   10]
 [  14    2    0    0    1    2    0    0    0    0    0    0    0    0
     0   12    0    4    1    0  122    1    0    0    0    0    1    0]
 [   1    0    2    0    0    0    0    0    0    0    1    1    0    0
     0    9    0    0    4    0  149    2    0    0    0   94   35    0]
 [  10   12    2    3    0    2    0    1    1    1    6    6    0    0
     2    3    0    1    5    0  493   10    0    0    0   42  172    5]
 [  41   24   13    4    0    1    3    9    0    2    3    1    0    1
     5    3    0    1    3    0  544    2    0    0    0    1    3   66]]
                precision    recall  f1-score   support

    admiration       0.44      0.45      0.44      2125
     amusement       0.44      0.40      0.42      1210
         anger       0.37      0.15      0.22      1125
     annoyance       0.27      0.02      0.03      1684
      approval       0.40      0.02      0.04      2303
        caring       0.31      0.07      0.11       672
     confusion       0.36      0.02      0.04      1010
     curiosity       0.40      0.08      0.13      1111
        desire       0.41      0.09      0.15       380
disappointment       0.00      0.00      0.00       907
   disapproval       0.27      0.03      0.06      1523
       disgust       0.27      0.08      0.12       568
 embarrassment       0.00      0.00      0.00       312
    excitement       0.38      0.04      0.06       595
          fear       0.36      0.11      0.17       350
     gratitude       0.74      0.74      0.74      1404
         grief       0.00      0.00      0.00        61
           joy       0.42      0.13      0.19       851
          love       0.55      0.57      0.56       975
   nervousness       0.00      0.00      0.00       144
       neutral       0.38      0.88      0.53     11067
      optimism       0.41      0.20      0.27       931
         pride       0.00      0.00      0.00       135
   realization       0.00      0.00      0.00       938
        relief       0.00      0.00      0.00       160
       remorse       0.38      0.32      0.34       298
       sadness       0.31      0.22      0.26       777
      surprise       0.29      0.09      0.14       730

      accuracy                           0.41     34346
     macro avg       0.29      0.17      0.18     34346
  weighted avg       0.36      0.41      0.31     34346
