Top Multinomial Naive Bayes (using GridSearch) for emotions with variable alpha 
[[1069   19    2   13   57   12    5   18    4    7   11    0    0    9
     3   65    0   38   64    0  675   20    1    6    0    0    4   24]
 [  49  544    3   22   22    1    3   11    1    2    8    0    1    8
     1    9    0   31   11    0  466    4    0    4    0    0    3    8]
 [  11   18  220  125   20    6    4    5    2    7   45   17    0    2
     0    2    0    3    7    0  611    2    0    5    0    3    5    6]
 [  37   44   70  188   48   15   20   18    4   19   71   21    0    6
     0   22    0    5   10    0 1029   12    3   16    1    1   14   12]
 [ 147   31   20   47  268   23   18   19    6   21   53    7    2   11
     4   29    0   15   31    0 1469   34    1   28    1    3    8    8]
 [  21    5    2    7   25   98    2    4    2    6   11    0    0    0
     2   21    0    6    8    0  420   22    0    2    1    4    3    0]
 [  14    4    7   16   25    3  118   56    2   10   23    0    0    3
     1    6    0    1   10    0  681    7    0   12    0    2    2    7]
 [  20    7    7   12   29    7   31  195    4    3   22    1    0   10
     0    9    0    1    4    0  720    6    0    6    0    1    4   14]
 [  14    5    2    8   17    4    2    4   52    2    8    1    0    1
     0    2    0    4    9    1  221   22    0    0    0    0    0    1]
 [  28   13   16   35   25    3   15   10    1   64   39    9    1    1
     4   14    1    1    4    0  563   10    0   12    0    5   27    6]
 [  27   25   25   56   65    8   16    8    0   23  189   15    2    2
     2    8    0    7    7    0  998    6    0   13    0    1   15    5]
 [  19    5   28   50   13    2    4    1    2    9   25   85    2    1
     4    1    0    3    5    0  298    2    0    1    0    1    6    1]
 [  12    8    6   20    7    2    3    3    0    4    9    3   21    0
     1    2    0    0    2    0  191    2    0    8    0    3    4    1]
 [  64   14    3    7   16    1    3   12    5    1    4    1    1   50
     3   16    0   42   17    0  306   11    0    3    0    0    1   14]
 [  10    4    4   12    7    5    2    5    1    6    5    6    0    1
    31    0    0    0    0    0  229    2    0    5    1    0    9    5]
 [  92    6    0    0   11    8    3    3    0    3    9    0    0    3
     0 1038    0   21    6    0  183   11    0    1    0    1    4    1]
 [   2    0    0    2    1    1    0    2    0    4    1    0    0    0
     0    1    0    0    2    1   38    1    0    1    0    2    2    0]
 [  71   75    1    6   17    5    3    4    0    2    2    1    1   11
     1   44    0  163   45    0  381   11    0    5    0    0    1    1]
 [  92    8    1    4   12    1    0    2    1    2    2    0    0    0
     0   11    0   16  434    0  380    5    0    2    0    0    2    0]
 [   1    2    1    5    8    1    4    0    0    1    5    2    1    4
     4    3    0    1    0    1   91    3    0    1    0    0    3    2]
 [ 385  182  122  269  399  128  113  183   47   82  300   65    9   65
    30  104    0   80   96    5 8011  102    7  113    2   10   80   86]
 [  48    4    3    8   33   25    8    7   19    2   24    2    0    2
     2   20    0   12    5    0  508  190    0    5    0    0    1    3]
 [  25    1    3    1    8    2    1    1    1    3    0    0    0    1
     1    2    0    5    0    0   71    2    3    3    0    0    1    0]
 [  32   16    3   24   33    8    9   16    1   14   28    1    1    5
     2    4    0    5    3    0  638    7    0   63    0    3    8   14]
 [   9    1    1    3   11    3    1    0    0    1    0    0    0    1
     0   14    0    5    2    0  105    1    0    0    0    0    1    1]
 [   5    1    1    4    8    2    1    1    1   10    8    2    0    0
     0   23    0    2    3    0  144    2    0    7    0   45   26    2]
 [   9   14    1   29   19    7    2    2    2   30   18    3    1    1
     4   15    0    4    3    0  449    9    0    6    0   18  128    3]
 [  45   12   16   13   16    2    4   21    1    6    8    2    1    7
     2    7    0    2    2    0  424    7    0   16    0    0    5  112]]
                precision    recall  f1-score   support

    admiration       0.45      0.50      0.48      2126
     amusement       0.51      0.45      0.48      1212
         anger       0.39      0.20      0.26      1126
     annoyance       0.19      0.11      0.14      1686
      approval       0.22      0.12      0.15      2304
        caring       0.26      0.15      0.19       672
     confusion       0.30      0.12      0.17      1010
     curiosity       0.32      0.18      0.23      1113
        desire       0.33      0.14      0.19       380
disappointment       0.19      0.07      0.10       907
   disapproval       0.20      0.12      0.15      1523
       disgust       0.35      0.15      0.21       568
 embarrassment       0.48      0.07      0.12       312
    excitement       0.24      0.08      0.12       595
          fear       0.30      0.09      0.14       350
     gratitude       0.70      0.74      0.72      1404
         grief       0.00      0.00      0.00        61
           joy       0.34      0.19      0.25       851
          love       0.55      0.45      0.49       975
   nervousness       0.12      0.01      0.01       144
       neutral       0.39      0.72      0.51     11075
      optimism       0.37      0.20      0.26       931
         pride       0.20      0.02      0.04       135
   realization       0.18      0.07      0.10       938
        relief       0.00      0.00      0.00       160
       remorse       0.44      0.15      0.22       298
       sadness       0.35      0.16      0.22       777
      surprise       0.33      0.15      0.21       731

      accuracy                           0.39     34364
     macro avg       0.31      0.19      0.22     34364
  weighted avg       0.36      0.39      0.34     34364
