Top Decision Tree for emotions with with the following parameters: 
{'criterion': 'gini', 'max_depth': 40, 'min_samples_split': 120}
[[ 835   24    9    5   16   10    0    0    6    3    5    1    0   10
     0   20    0   39   78    0 1008   18    1    0    2    0    1   35]
 [  43  639    5    5    2    3    5    1    1    1    2    0    1    3
     0    9    0    8   11    0  451    4    0    0    0    2    2   14]
 [  16   17  208   10    3    1    3    2    2    2    1    3    0    1
     0    3    0    3    7    0  830    3    0    0    0    6    0    5]
 [  31   46   67    5    9    3    5    0    4    0    6    3    1    0
     1   15    0    7   16    0 1433    8    0    0    1    8    5   12]
 [ 114   50   11    2   68   11    9    3    5    0   10    0    0    4
     0   12    0   16   21    0 1926   16    1    2    1   13    5    4]
 [  23   10    5    1    5   16    2    0    3    0    1    0    0    0
     0    5    0   12   10    0  541   21    0    0    0   13    3    1]
 [  18   14    6    2    2    1   94    1    0    0    1    1    0    2
     0    4    0    7    9    0  836    2    0    0    0    4    2    4]
 [  17   20   13    0    2    1    6   70    4    0    1    0    1    3
     0    6    0    1    6    0  947    1    0    1    0    5    1    7]
 [  12    7    1    0    2    1    1    1   62    2    1    0    0    3
     0    2    0    3    8    0  257   16    0    0    0    0    1    0]
 [  20   18   11    1    2    0    4    0    4    1    3    2    0    1
     0    8    0    2    5    0  794    6    0    0    0   12    9    4]
 [  21   36   24    4   10    1   15    1    3    0   11    1    1    1
     0    6    0    5    9    0 1341    9    0    1    0   10    4    9]
 [   7    8   28    3    3    0    1    0    0    0    0   39    0    1
     0    3    0    3    4    0  462    2    0    0    0    2    1    1]
 [   2    8    6    3    1    1    0    0    1    0    0    1    1    0
     0    3    0    0    2    0  268    2    0    0    0    7    2    4]
 [  39   10    3    2    1    0    0    1    5    0    2    0    0   53
     0    2    0   15   11    0  421    5    0    0    0    0    0   25]
 [   3    7    3    0    0    1    0    1    1    0    0    0    0    0
     6    0    0    0    0    0  322    2    0    0    0    0    1    3]
 [  68    7    1    5    6    6    0    0    1    1    2    0    0    5
     0 1022    1   21   10    0  195   17    2    2    2   21    4    5]
 [   2    0    0    1    0    0    0    0    0    0    0    0    0    0
     0    0    0    0    1    0   52    1    0    0    0    4    0    0]
 [  62   94    4    0    4    2    0    1    1    3    1    0    0   21
     0    9    0  194   37    0  404    7    0    0    4    0    0    3]
 [  41   11    1    3    2    0    1    0    1    0    1    0    0    5
     0    6    0    8  559    0  328    6    0    0    0    1    1    0]
 [   0    1    3    2    1    1    0    0    0    0    0    0    0    0
     0    1    0    0    1    0  133    1    0    0    0    0    0    0]
 [ 266  231   95   18   24   18   49   10   47    6   16    6    0   21
     2   58    0   57  101    0 9896   54    1    4    3   35   11   46]
 [  45    6    0    5    4    8    5    0   34    0    2    0    0    2
     0    7    0   16   10    0  541  238    1    0    0    2    2    3]
 [  10    1    2    0    0    1    0    0    1    0    0    0    0    0
     0    1    0    9    1    0  108    0    0    0    0    0    1    0]
 [  20   14    6    1    2    1    5    0    2    0    3    2    0    2
     0    1    0    7    3    0  834    1    0    7    0    5    3   19]
 [   7    1    1    0    2    2    0    0    0    0    0    0    0    0
     0    7    0   11    2    0  123    0    0    0    4    0    0    0]
 [   2    1    2    3    0    3    0    0    0    0    1    1    0    0
     0    0    0    0    2    0  122    2    0    0    0  151    7    1]
 [  11    8    3    2    5    1    2    0    4    2    0    1    0    1
     0    1    0    7    3    0  554    5    1    0    0   86   76    4]
 [  22   13   18    1    0    0    5    1    1    1    1    1    0    2
     0    4    0    2    1    0  533    3    0    2    0    0    0  120]]
                precision    recall  f1-score   support

    admiration       0.48      0.39      0.43      2126
     amusement       0.49      0.53      0.51      1212
         anger       0.39      0.18      0.25      1126
     annoyance       0.06      0.00      0.01      1686
      approval       0.39      0.03      0.05      2304
        caring       0.17      0.02      0.04       672
     confusion       0.44      0.09      0.15      1010
     curiosity       0.75      0.06      0.12      1113
        desire       0.32      0.16      0.22       380
disappointment       0.05      0.00      0.00       907
   disapproval       0.15      0.01      0.01      1523
       disgust       0.63      0.07      0.12       568
 embarrassment       0.20      0.00      0.01       312
    excitement       0.38      0.09      0.14       595
          fear       0.67      0.02      0.03       350
     gratitude       0.84      0.73      0.78      1404
         grief       0.00      0.00      0.00        61
           joy       0.43      0.23      0.30       851
          love       0.60      0.57      0.59       975
   nervousness       0.00      0.00      0.00       144
       neutral       0.39      0.89      0.54     11075
      optimism       0.53      0.26      0.34       931
         pride       0.00      0.00      0.00       135
   realization       0.37      0.01      0.01       938
        relief       0.24      0.03      0.05       160
       remorse       0.39      0.51      0.44       298
       sadness       0.54      0.10      0.17       777
      surprise       0.36      0.16      0.23       731

      accuracy                           0.42     34364
     macro avg       0.37      0.18      0.20     34364
  weighted avg       0.40      0.42      0.33     34364
