Top Multi-Layered Perceptron for emotions with the following parameters: 
[[1101   23    7    7   34   11    1   10    4    2    3    9    0    5
     4   47    0   59  113    0  618   21    0    1    0    1    8   37]
 [  37  736    2   19    5    1    0    4    2    2    2    4    0    4
     3    7    0   29   17    0  318    5    0    0    0    0    5   10]
 [  10   19  257   80    4    0    4    4    4    3   17   32    0    1
     7    3    0    4   11    0  647    3    0    0    0    4    6    6]
 [  45   52   86  106   14    5    6    8    5    4   24   46    0    2
    13   13    0   10   20    0 1174    7    0    2    0    8   18   18]
 [ 156   44   14   13  147   15   12   16    6    2   19   12    0    3
    10   15    0   28   47    0 1682   23    0    1    0   15   18    6]
 [  23   10    3    5    8   49    1    1    8    1    5    0    0    0
    10   10    0   16   16    0  449   23    0    0    0   15   18    1]
 [   9   14    8    3   15    2   74   29    1    0    9    8    0    3
     7    6    0    3   12    0  777    6    0    1    0    3   14    6]
 [  20   20   14    6   12    3    9  147    4    0    6    6    0    2
     2    5    0    2   10    0  809    2    0    0    0    4    3   27]
 [  13    5    1    3    3    3    2    3   70    0    3    0    0    0
     1    3    0    8   14    0  226   20    0    0    0    1    1    0]
 [  19   18   14   14    8    4    7    4    2   35    8   16    0    1
    17    7    0    2    8    0  649    7    0    0    0   15   45    7]
 [  37   41   32   32   31    4   10    2    6    3   64   26    0    0
    16    8    0    5   12    0 1143   10    0    1    0    8   21   11]
 [   6    6   33   23    3    2    1    2    0    0    5  129    0    0
    15    2    0    2    6    0  317    2    0    0    0    2   12    0]
 [   3    7    9    6    4    1    0    0    0    1    3   22    0    1
     1    3    0    2    2    0  215    3    0    0    0    9   15    5]
 [  63   10    4    0    3    0    1    7    4    0    0    0    0   41
     2   13    0   53   30    0  320    8    0    0    0    0    2   34]
 [   2    6    3    4    0    2    1    2    0    1    2    4    0    0
   137    0    0    1    0    0  172    2    0    0    0    0    7    4]
 [  92    7    0    0    3    5    0    1    2    1    2    0    0    1
     0 1090    0   31   11    0  106   21    0    0    0   22    8    1]
 [   1    0    0    3    1    0    1    0    0    1    0    0    0    0
     2    1    0    0    2    0   43    1    0    0    0    4    1    0]
 [  61  107    1    2    2    2    1    1    2    1    0    1    0    3
     0   25    0  267   65    0  298    5    0    0    0    0    1    6]
 [  46    8    0    3    2    2    0    0    0    1    0    0    0    0
     0    6    0   20  654    0  222    7    0    0    0    1    3    0]
 [   2    2    5    1    1    3    0    0    0    0    2    4    0    0
    10    0    0    1    1    0  102    1    0    0    0    0    9    0]
 [ 347  234  128  104  116   52   50   79   46   28   98   79    0   22
    60   67    0   99  168    0 9018   72    0    4    0   37   93   74]
 [  58    6    3    2   14   21    5    5   38    3    8    2    0    3
     1    9    0   17   17    0  459  251    0    0    0    1    3    5]
 [  26    1    1    2    2    1    0    0    1    1    0    0    0    0
     1    5    0    6    3    0   82    1    0    0    0    0    2    0]
 [  23   21   12    4   10    3   16    5    3    1    8    4    0    0
     6    2    0    8    4    0  755    5    0    6    0    5   13   24]
 [   7    1    0    1    2    4    0    0    0    0    0    0    0    0
     0   15    0    8    2    0  116    2    0    0    0    0    2    0]
 [   1    1    1    2    3    0    0    0    0    2    1    3    0    0
     1    3    0    0    3    0   96    1    0    0    0  150   28    2]
 [   7   13    3    5    3    6    0    2    6   12    5    8    0    0
     8    1    0    4    8    0  417    5    0    0    0   76  185    3]
 [  40   16   14    8    4    2    4   19    1    0    2    2    0   12
     2    5    0    5    5    0  410    3    0    2    0    0    4  171]]
                precision    recall  f1-score   support

    admiration       0.49      0.52      0.50      2126
     amusement       0.52      0.61      0.56      1212
         anger       0.39      0.23      0.29      1126
     annoyance       0.23      0.06      0.10      1686
      approval       0.32      0.06      0.11      2304
        caring       0.24      0.07      0.11       672
     confusion       0.36      0.07      0.12      1010
     curiosity       0.42      0.13      0.20      1113
        desire       0.33      0.18      0.24       380
disappointment       0.33      0.04      0.07       907
   disapproval       0.22      0.04      0.07      1523
       disgust       0.31      0.23      0.26       568
 embarrassment       0.00      0.00      0.00       312
    excitement       0.39      0.07      0.12       595
          fear       0.41      0.39      0.40       350
     gratitude       0.80      0.78      0.79      1404
         grief       0.00      0.00      0.00        61
           joy       0.39      0.31      0.35       851
          love       0.52      0.67      0.58       975
   nervousness       0.00      0.00      0.00       144
       neutral       0.42      0.81      0.55     11075
      optimism       0.49      0.27      0.35       931
         pride       0.00      0.00      0.00       135
   realization       0.33      0.01      0.01       938
        relief       0.00      0.00      0.00       160
       remorse       0.39      0.50      0.44       298
       sadness       0.34      0.24      0.28       777
      surprise       0.37      0.23      0.29       731

      accuracy                           0.43     34364
     macro avg       0.32      0.23      0.24     34364
  weighted avg       0.39      0.43      0.36     34364
